0.994535 0.994332 0.995974 0.997229 0.998035 0.998553 0.998898 0.999136 0.999305 0.999431 0.999525 0.999598 0.999656 0.999702 0.99974 0.99977 0.999796 0.999818 0.999836 
1.00264 0.994882 0.992485 0.993092 0.994299 0.995409 0.996296 0.996981 0.997508 0.997916 0.998236 0.99849 0.998695 0.998862 0.998999 0.999114 0.99921 0.999291 0.999361 
1.0216 1.00782 0.99666 0.992849 0.99227 0.992821 0.993673 0.994527 0.995287 0.995935 0.996477 0.99693 0.997308 0.997625 0.997892 0.998119 0.998312 0.998478 0.998621 
1.0477 1.0301 1.00828 0.997807 0.993613 0.992304 0.992256 0.992724 0.993369 0.994039 0.994672 0.995243 0.995748 0.99619 0.996576 0.996912 0.997205 0.997461 0.997686 
1.07886 1.05969 1.02596 1.00747 0.998486 0.99435 0.992646 0.992162 0.992279 0.992678 0.993193 0.993738 0.994269 0.994766 0.995222 0.995635 0.996006 0.996339 0.996637 
1.11337 1.09532 1.04871 1.02114 1.00654 0.998903 0.994979 0.99308 0.992299 0.992136 0.992308 0.992654 0.993081 0.993536 0.993989 0.994423 0.994832 0.995211 0.99556 
1.14969 1.13597 1.07587 1.0383 1.0174 1.00574 0.999172 0.995503 0.993523 0.992546 0.992168 0.992147 0.992334 0.992639 0.993003 0.993392 0.993785 0.994168 0.994534 
1.18654 1.18074 1.10695 1.05855 1.03074 1.01462 1.00507 0.999355 0.995938 0.993942 0.992838 0.9923 0.992122 0.99217 0.992358 0.992629 0.992946 0.993285 0.99363 
1.22291 1.22875 1.1415 1.08163 1.04633 1.02535 1.01253 1.00453 0.999485 0.996302 0.994327 0.993144 0.992489 0.992184 0.992113 0.992196 0.992378 0.992622 0.992903 
1.25806 1.27917 1.17913 1.10729 1.06399 1.03777 1.02141 1.01093 1.00409 0.999579 0.99661 0.994676 0.993448 0.992706 0.992302 0.992131 0.992121 0.992221 0.992395 
1.29147 1.33122 1.21945 1.13531 1.08358 1.05177 1.03161 1.01845 1.00967 1.00372 0.99965 0.996872 0.99499 0.993739 0.992936 0.992453 0.992199 0.99211 0.992136 
1.32286 1.38418 1.26209 1.1655 1.10495 1.06723 1.04304 1.02703 1.01617 1.00866 1.0034 0.999704 0.997098 0.995274 0.994015 0.993169 0.992624 0.992302 0.992144 
1.35206 1.43744 1.30665 1.19768 1.128 1.08408 1.05562 1.03659 1.02352 1.01436 1.00783 1.00314 0.999747 0.997295 0.995531 0.994275 0.993399 0.992807 0.992429 
1.37903 1.49043 1.35279 1.23165 1.15261 1.10223 1.06929 1.04708 1.03168 1.02076 1.01289 1.00714 1.00291 0.999781 0.997467 0.995762 0.994517 0.993622 0.992993 
1.40383 1.54271 1.40015 1.26722 1.17869 1.12161 1.084 1.05845 1.04061 1.02785 1.01855 1.01169 1.00656 1.00271 0.999809 0.997619 0.995973 0.994744 0.993837 
1.42654 1.5939 1.4484 1.30421 1.20612 1.14216 1.0997 1.07067 1.05026 1.03557 1.02478 1.01674 1.01068 1.00607 1.00254 0.999832 0.997754 0.996164 0.994954 
1.4473 1.6437 1.49723 1.34243 1.2348 1.16382 1.11634 1.08369 1.06062 1.04391 1.03156 1.02229 1.01524 1.00983 1.00564 1.00239 0.999851 0.997875 0.996339 
1.46623 1.69188 1.54635 1.38171 1.26463 1.18651 1.13388 1.09749 1.07164 1.05283 1.03886 1.0283 1.02023 1.01397 1.0091 1.00527 1.00225 0.999867 0.997984 
1.4835 1.73828 1.5955 1.42187 1.2955 1.21018 1.15227 1.11202 1.0833 1.06231 1.04665 1.03477 1.02562 1.01849 1.01289 1.00846 1.00494 1.00213 0.99988 
1.49923 1.78281 1.64444 1.46274 1.32732 1.23477 1.17149 1.12727 1.09559 1.07234 1.05493 1.04166 1.0314 1.02337 1.01702 1.01196 1.00791 1.00465 1.00202 
1.51358 1.82538 1.69297 1.50417 1.35998 1.26021 1.19147 1.1432 1.10847 1.08289 1.06367 1.04897 1.03756 1.02858 1.02146 1.01575 1.01115 1.00742 1.00439 
1.52668 1.86598 1.7409 1.54598 1.39339 1.28644 1.2122 1.15978 1.12192 1.09396 1.07287 1.05668 1.04408 1.03413 1.0262 1.01982 1.01465 1.01044 1.00699 
1.53863 1.90461 1.78808 1.58804 1.42744 1.3134 1.23362 1.17699 1.13594 1.10551 1.0825 1.06479 1.05095 1.04 1.03124 1.02416 1.01841 1.01369 1.00981 
1.54956 1.9413 1.83438 1.63022 1.46204 1.34103 1.25569 1.1948 1.15048 1.11753 1.09255 1.07327 1.05817 1.04618 1.03656 1.02877 1.0224 1.01717 1.01284 
1.55957 1.9761 1.87968 1.67238 1.4971 1.36927 1.27838 1.21318 1.16554 1.13002 1.10301 1.08212 1.06572 1.05266 1.04216 1.03362 1.02663 1.02087 1.01608 
1.56874 2.00906 1.9239 1.71441 1.53253 1.39805 1.30164 1.23211 1.1811 1.14295 1.11387 1.09133 1.07359 1.05944 1.04803 1.03873 1.03109 1.02478 1.01952 
1.57715 2.04025 1.96697 1.7562 1.56824 1.42732 1.32544 1.25155 1.19713 1.15631 1.12512 1.10089 1.08177 1.0665 1.05415 1.04408 1.03578 1.02889 1.02315 
1.58489 2.06974 2.00884 1.79766 1.60415 1.45702 1.34973 1.27148 1.21362 1.17009 1.13674 1.11078 1.09026 1.07384 1.06054 1.04966 1.04068 1.03321 1.02696 
1.59201 2.09762 2.04947 1.8387 1.64018 1.4871 1.37449 1.29188 1.23055 1.18426 1.14873 1.121 1.09906 1.08145 1.06717 1.05547 1.04579 1.03773 1.03096 
1.59858 2.12397 2.08883 1.87924 1.67627 1.51749 1.39965 1.31271 1.2479 1.19883 1.16107 1.13155 1.10814 1.08933 1.07404 1.0615 1.05111 1.04243 1.03514 
1.60464 2.14885 2.12692 1.91923 1.71233 1.54814 1.4252 1.33395 1.26564 1.21376 1.17375 1.1424 1.1175 1.09746 1.08116 1.06775 1.05663 1.04733 1.0395 
1.61024 2.17237 2.16374 1.95859 1.7483 1.579 1.45109 1.35557 1.28376 1.22906 1.18676 1.15356 1.12715 1.10585 1.0885 1.07421 1.06234 1.0524 1.04402 
1.61544 2.19458 2.19928 1.99727 1.78413 1.61003 1.47728 1.37754 1.30224 1.2447 1.2001 1.16502 1.13706 1.11449 1.09607 1.08088 1.06825 1.05766 1.04872 
1.62025 2.21557 2.23357 2.03525 1.81976 1.64117 1.50374 1.39985 1.32107 1.26067 1.21374 1.17676 1.14723 1.12337 1.10386 1.08776 1.07435 1.06309 1.05357 
1.62472 2.23541 2.26662 2.07248 1.85514 1.67237 1.53043 1.42245 1.34021 1.27696 1.22768 1.18878 1.15767 1.13248 1.11187 1.09484 1.08064 1.0687 1.05859 
1.62888 2.25417 2.29846 2.10893 1.89022 1.7036 1.55732 1.44533 1.35966 1.29354 1.24191 1.20107 1.16835 1.14183 1.1201 1.10211 1.0871 1.07447 1.06376 
1.63276 2.2719 2.32911 2.14459 1.92496 1.7348 1.58437 1.46846 1.37939 1.31042 1.25642 1.21362 1.17927 1.1514 1.12853 1.10958 1.09375 1.08041 1.06909 
1.63637 2.28868 2.3586 2.17943 1.95932 1.76595 1.61154 1.49182 1.39938 1.32757 1.27119 1.22642 1.19044 1.16119 1.13716 1.11723 1.10056 1.08651 1.07457 
1.63974 2.30457 2.38697 2.21344 1.99327 1.79701 1.63882 1.51537 1.41962 1.34497 1.28622 1.23947 1.20183 1.17119 1.14599 1.12507 1.10755 1.09277 1.0802 
1.6429 2.31961 2.41425 2.24662 2.02678 1.82793 1.66617 1.53911 1.44008 1.36262 1.3015 1.25275 1.21344 1.1814 1.15502 1.13309 1.11471 1.09918 1.08597 
1.64585 2.33386 2.44048 2.27896 2.05981 1.85869 1.69355 1.56299 1.46076 1.38051 1.31701 1.26627 1.22528 1.19182 1.16424 1.14129 1.12204 1.10575 1.09189 
1.64862 2.34737 2.46569 2.31047 2.09236 1.88926 1.72095 1.587 1.48162 1.39861 1.33275 1.28 1.23732 1.20244 1.17364 1.14966 1.12952 1.11247 1.09794 
1.65122 2.36018 2.48992 2.34114 2.12439 1.91961 1.74833 1.61112 1.50266 1.41691 1.3487 1.29394 1.24957 1.21324 1.18323 1.1582 1.13716 1.11934 1.10414 
1.65366 2.37234 2.51321 2.37099 2.1559 1.94972 1.77566 1.63533 1.52386 1.43541 1.36485 1.30809 1.26201 1.22424 1.19299 1.16691 1.14496 1.12636 1.11047 
1.65596 2.38388 2.53558 2.40002 2.18686 1.97956 1.80294 1.6596 1.54519 1.45408 1.38119 1.32243 1.27465 1.23542 1.20293 1.17578 1.15292 1.13352 1.11694 
1.65812 2.39485 2.55709 2.42824 2.21726 2.00911 1.83012 1.68391 1.56664 1.47291 1.39771 1.33696 1.28747 1.24678 1.21303 1.18481 1.16102 1.14081 1.12354 
1.66016 2.40527 2.57776 2.45566 2.24711 2.03835 1.85719 1.70824 1.5882 1.49189 1.41441 1.35167 1.30046 1.25831 1.2233 1.19399 1.16927 1.14825 1.13027 
1.66208 2.41518 2.59762 2.48231 2.27638 2.06726 1.88414 1.73258 1.60984 1.51101 1.43126 1.36655 1.31363 1.27 1.23373 1.20333 1.17766 1.15582 1.13712 
1.6639 2.42462 2.61671 2.50818 2.30508 2.09583 1.91093 1.75691 1.63156 1.53025 1.44827 1.38159 1.32696 1.28186 1.24431 1.21282 1.18619 1.16353 1.1441 
1.66562 2.4336 2.63506 2.53331 2.33321 2.12404 1.93756 1.78121 1.65334 1.5496 1.46542 1.39678 1.34045 1.29387 1.25505 1.22245 1.19486 1.17136 1.15121 
1.66724 2.44216 2.65271 2.5577 2.36075 2.15189 1.964 1.80545 1.67516 1.56906 1.48269 1.41212 1.3541 1.30604 1.26594 1.23222 1.20367 1.17932 1.15843 
1.66878 2.45032 2.66968 2.58137 2.38772 2.17935 1.99024 1.82964 1.69701 1.58859 1.50009 1.4276 1.36788 1.31835 1.27696 1.24213 1.2126 1.18741 1.16577 
1.67024 2.4581 2.686 2.60435 2.41412 2.20643 2.01627 1.85375 1.71887 1.60821 1.5176 1.44321 1.38181 1.3308 1.28813 1.25217 1.22167 1.19562 1.17323 
1.67163 2.46552 2.7017 2.62664 2.43994 2.23311 2.04208 1.87776 1.74074 1.62788 1.53521 1.45894 1.39587 1.34339 1.29943 1.26235 1.23086 1.20395 1.1808 
1.67294 2.47261 2.7168 2.64827 2.46519 2.25939 2.06764 1.90167 1.76259 1.64761 1.55291 1.47478 1.41005 1.35611 1.31086 1.27265 1.24018 1.2124 1.18849 
1.67419 2.47939 2.73134 2.66925 2.48988 2.28526 2.09296 1.92546 1.78442 1.66738 1.57069 1.49073 1.42435 1.36895 1.32241 1.28308 1.24961 1.22096 1.19628 
1.67538 2.48586 2.74533 2.68961 2.51402 2.31072 2.11802 1.94912 1.80622 1.68718 1.58854 1.50678 1.43877 1.38191 1.33409 1.29362 1.25916 1.22963 1.20419 
1.67651 2.49205 2.75881 2.70936 2.5376 2.33577 2.14281 1.97263 1.82797 1.707 1.60646 1.52292 1.45329 1.39499 1.34589 1.30429 1.26883 1.23842 1.2122 
1.67759 2.49798 2.77178 2.72852 2.56064 2.36039 2.16732 1.996 1.84966 1.72683 1.62444 1.53914 1.46792 1.40817 1.35779 1.31506 1.2786 1.24731 1.22031 
1.67862 2.50365 2.78428 2.7471 2.58315 2.3846 2.19155 2.0192 1.87128 1.74666 1.64246 1.55544 1.48263 1.42146 1.36981 1.32595 1.28849 1.25631 1.22852 
1.6796 2.50909 2.79633 2.76513 2.60513 2.40839 2.21549 2.04223 1.89282 1.76648 1.66051 1.57181 1.49744 1.43485 1.38193 1.33694 1.29848 1.26541 1.23684 
1.68053 2.5143 2.80794 2.78262 2.6266 2.43177 2.23914 2.06508 1.91428 1.78628 1.6786 1.58824 1.51233 1.44834 1.39415 1.34804 1.30857 1.27462 1.24525 
1.68143 2.51929 2.81913 2.79958 2.64756 2.45472 2.26248 2.08774 1.93564 1.80606 1.69671 1.60473 1.52729 1.46191 1.40647 1.35923 1.31876 1.28392 1.25375 
1.68228 2.52408 2.82992 2.81605 2.66802 2.47726 2.28552 2.1102 1.9569 1.82579 1.71483 1.62126 1.54233 1.47557 1.41888 1.37052 1.32905 1.29331 1.26235 
1.6831 2.52868 2.84034 2.83202 2.68799 2.49939 2.30826 2.13246 1.97804 1.84549 1.73296 1.63784 1.55743 1.4893 1.43138 1.3819 1.33943 1.3028 1.27104 
1.68388 2.53309 2.85038 2.84752 2.70748 2.5211 2.33068 2.15451 1.99906 1.86513 1.75109 1.65445 1.57259 1.50312 1.44396 1.39337 1.3499 1.31238 1.27982 
1.68463 2.53733 2.86008 2.86256 2.72651 2.54241 2.35279 2.17635 2.01995 1.88471 1.76921 1.67108 1.5878 1.517 1.45662 1.40492 1.36046 1.32204 1.28868 
1.68535 2.54141 2.86944 2.87716 2.74507 2.56332 2.37459 2.19797 2.04071 1.90423 1.78732 1.68775 1.60306 1.53094 1.46936 1.41656 1.37111 1.33179 1.29763 
1.68604 2.54533 2.87848 2.89133 2.76319 2.58383 2.39607 2.21937 2.06133 1.92367 1.8054 1.70442 1.61836 1.54495 1.48216 1.42828 1.38183 1.34163 1.30667 
1.6867 2.5491 2.88722 2.90509 2.78087 2.60394 2.41724 2.24054 2.0818 1.94304 1.82346 1.72111 1.6337 1.55901 1.49504 1.44007 1.39264 1.35154 1.31578 
1.68733 2.55273 2.89565 2.91845 2.79812 2.62366 2.43809 2.26148 2.10212 1.96232 1.84148 1.7378 1.64907 1.57312 1.50798 1.45193 1.40352 1.36153 1.32497 
1.68794 2.55622 2.90381 2.93142 2.81496 2.643 2.45862 2.28218 2.12228 1.9815 1.85946 1.75449 1.66447 1.58728 1.52098 1.46386 1.41447 1.3716 1.33423 
1.68852 2.55959 2.91169 2.94401 2.83139 2.66196 2.47884 2.30265 2.14228 2.00059 1.8774 1.77117 1.67989 1.60148 1.53403 1.47585 1.42549 1.38174 1.34358 
1.68908 2.56283 2.91932 2.95625 2.84742 2.68054 2.49875 2.32287 2.16211 2.01957 1.89528 1.78785 1.69533 1.61572 1.54714 1.48791 1.43658 1.39195 1.35299 
1.68962 2.56595 2.9267 2.96813 2.86306 2.69876 2.51834 2.34286 2.18177 2.03845 1.91311 1.8045 1.71078 1.62999 1.56029 1.50002 1.44774 1.40223 1.36247 
1.69014 2.56897 2.93383 2.97968 2.87832 2.71661 2.53763 2.3626 2.20126 2.05721 1.93087 1.82113 1.72624 1.6443 1.57349 1.51219 1.45895 1.41257 1.37202 
1.69064 2.57188 2.94074 2.99089 2.89321 2.73411 2.5566 2.3821 2.22057 2.07586 1.94857 1.83773 1.7417 1.65862 1.58673 1.52441 1.47023 1.42298 1.38163 
1.69113 2.57468 2.94743 3.0018 2.90775 2.75125 2.57527 2.40135 2.2397 2.09439 1.9662 1.85431 1.75715 1.67297 1.60001 1.53668 1.48156 1.43345 1.39131 
1.69159 2.57739 2.9539 3.01239 2.92193 2.76805 2.59363 2.42036 2.25865 2.11279 1.98375 1.87084 1.77261 1.68733 1.61332 1.54899 1.49295 1.44398 1.40105 
1.69204 2.58001 2.96018 3.0227 2.93578 2.78451 2.6117 2.43912 2.27741 2.13106 2.00122 1.88733 1.78805 1.70171 1.62666 1.56135 1.50438 1.45456 1.41085 
1.69247 2.58254 2.96625 3.03271 2.94929 2.80064 2.62946 2.45764 2.29598 2.14919 2.0186 1.90378 1.80348 1.7161 1.64003 1.57374 1.51586 1.4652 1.42071 
1.69289 2.58498 2.97214 3.04245 2.96248 2.81645 2.64693 2.47591 2.31437 2.1672 2.0359 1.92018 1.81889 1.73049 1.65342 1.58617 1.52739 1.47588 1.43062 
1.69329 2.58734 2.97785 3.05192 2.97535 2.83193 2.66411 2.49393 2.33256 2.18506 2.0531 1.93653 1.83427 1.74489 1.66683 1.59864 1.53896 1.48662 1.44059 
1.69368 2.58963 2.98339 3.06114 2.98792 2.8471 2.68099 2.51171 2.35056 2.20278 2.07021 1.95282 1.84963 1.75928 1.68026 1.61113 1.55057 1.4974 1.4506 
1.69405 2.59184 2.98876 3.0701 3.00018 2.86196 2.69759 2.52925 2.36836 2.22036 2.08722 1.96905 1.86497 1.77366 1.6937 1.62366 1.56222 1.50823 1.46067 
1.69441 2.59398 2.99397 3.07883 3.01216 2.87652 2.71391 2.54654 2.38597 2.23779 2.10413 1.98521 1.88026 1.78804 1.70715 1.6362 1.5739 1.5191 1.47078 
1.69476 2.59605 2.99902 3.08732 3.02386 2.89078 2.72996 2.56359 2.40339 2.25507 2.12093 2.00131 1.89553 1.80241 1.72061 1.64877 1.58562 1.53001 1.48093 
1.6951 2.59805 3.00393 3.09558 3.03528 2.90475 2.74572 2.58041 2.42061 2.2722 2.13762 2.01733 1.91075 1.81676 1.73407 1.66136 1.59736 1.54096 1.49114 
1.69543 2.6 3.00869 3.10362 3.04643 2.91844 2.76122 2.59698 2.43763 2.28918 2.15421 2.03329 1.92593 1.8311 1.74754 1.67396 1.60914 1.55194 1.50138 
1.69575 2.60188 3.01332 3.11146 3.05732 2.93185 2.77645 2.61332 2.45446 2.30601 2.17068 2.04916 1.94106 1.84541 1.761 1.68658 1.62093 1.56296 1.51166 
1.69605 2.60371 3.01781 3.11908 3.06795 2.94499 2.79141 2.62942 2.47109 2.32268 2.18703 2.06496 1.95614 1.85969 1.77446 1.6992 1.63275 1.574 1.52197 
1.69635 2.60548 3.02218 3.12651 3.07834 2.95787 2.80612 2.64529 2.48752 2.3392 2.20327 2.08067 1.97118 1.87395 1.78791 1.71184 1.64459 1.58508 1.53233 
1.69664 2.60719 3.02642 3.13375 3.08849 2.97048 2.82057 2.66092 2.50376 2.35556 2.21939 2.0963 1.98615 1.88819 1.80135 1.72448 1.65645 1.59618 1.54271 
1.69692 2.60886 3.03054 3.1408 3.09841 2.98284 2.83477 2.67633 2.5198 2.37175 2.23539 2.11184 2.00107 1.90238 1.81477 1.73712 1.66832 1.60731 1.55313 
1.69719 2.61047 3.03455 3.14768 3.1081 2.99495 2.84872 2.69151 2.53564 2.3878 2.25127 2.1273 2.01593 1.91655 1.82818 1.74977 1.6802 1.61846 1.56358 
1.69745 2.61204 3.03845 3.15437 3.11756 3.00681 2.86243 2.70647 2.55129 2.40368 2.26702 2.14266 2.03073 1.93067 1.84158 1.76241 1.6921 1.62963 1.57406 
1.6977 2.61357 3.04224 3.1609 3.12682 3.01844 2.8759 2.72121 2.56675 2.4194 2.28264 2.15793 2.04546 1.94475 1.85495 1.77505 1.704 1.64082 1.58456 
1.69795 2.61504 3.04593 3.16727 3.13586 3.02983 2.88914 2.73572 2.58202 2.43496 2.29814 2.1731 2.06013 1.9588 1.8683 1.78768 1.71592 1.65202 1.59508 
1.69819 2.61648 3.04952 3.17348 3.1447 3.04099 2.90214 2.75002 2.59709 2.45036 2.31351 2.18818 2.07472 1.97279 1.88163 1.80031 1.72783 1.66324 1.60563 
1.69842 2.61788 3.05301 3.17953 3.15334 3.05193 2.91492 2.7641 2.61197 2.4656 2.32876 2.20316 2.08925 1.98674 1.89493 1.81292 1.73975 1.67447 1.6162 
