1 0.97561 0.0243902 0.0890112
2 0.953462 0.046538 0.0740783
3 0.933195 0.0668048 0.0795674
4 0.914529 0.0854708 0.0895722
5 0.897242 0.102758 0.100846
6 0.881156 0.118844 0.112358
7 0.866123 0.133877 0.123713
8 0.852024 0.147976 0.134748
9 0.838756 0.161244 0.145399
10 0.826234 0.173766 0.155645
11 0.814385 0.185615 0.165489
12 0.803144 0.196856 0.174943
13 0.792457 0.207543 0.184025
14 0.782277 0.217723 0.192755
15 0.772561 0.227439 0.201151
16 0.763273 0.236727 0.209234
17 0.754379 0.245621 0.217023
18 0.74585 0.25415 0.224533
19 0.737661 0.262339 0.231783
