1 0.714286 0.285714 0.84468
2 0.616438 0.383562 0.89313
3 0.554425 0.445575 0.914971
4 0.510001 0.489999 0.927783
5 0.475891 0.524109 0.93637
6 0.448502 0.551498 0.942605
7 0.425806 0.574194 0.947382
8 0.406557 0.593443 0.951185
9 0.389932 0.610068 0.9543
10 0.375366 0.624634 0.95691
11 0.362454 0.637546 0.959137
12 0.350895 0.649105 0.961063
13 0.340461 0.659539 0.962751
14 0.330976 0.669024 0.964245
15 0.322299 0.677701 0.965579
16 0.31432 0.68568 0.966779
17 0.306946 0.693054 0.967866
18 0.300103 0.699897 0.968857
19 0.293729 0.706271 0.969764
