1 0.00039984 0.9996 0.0330201
2 0.00039976 0.9996 0.0453018
3 0.00039968 0.9996 0.0572659
4 0.0003996 0.9996 0.0689247
5 0.000399521 0.9996 0.0802898
6 0.000399441 0.999601 0.091372
7 0.000399361 0.999601 0.102182
8 0.000399282 0.999601 0.112729
9 0.000399202 0.999601 0.123024
10 0.000399122 0.999601 0.133074
11 0.000399043 0.999601 0.142889
12 0.000398963 0.999601 0.152476
13 0.000398884 0.999601 0.161845
14 0.000398805 0.999601 0.171001
15 0.000398725 0.999601 0.179952
16 0.000398646 0.999601 0.188706
17 0.000398567 0.999601 0.197267
18 0.000398487 0.999602 0.205644
19 0.000398408 0.999602 0.213841
