0.01 0.994158
0.0100316 0.994121
0.0100632 0.994084
0.0100949 0.994047
0.0101265 0.99401
0.0101581 0.993972
0.0101897 0.993935
0.0102214 0.993897
0.010253 0.99386
0.0102846 0.993822
0.0103162 0.993784
0.0103479 0.993746
0.0103795 0.993708
0.0104111 0.99367
0.0104427 0.993632
0.0104743 0.993593
0.010506 0.993555
0.0105376 0.993516
0.0105692 0.993477
0.0106008 0.993438
0.0106325 0.993399
0.0106641 0.99336
0.0106957 0.993321
0.0107273 0.993281
0.0107589 0.993242
0.0107906 0.993202
0.0108222 0.993163
0.0108538 0.993123
0.0108854 0.993083
0.0109171 0.993043
0.0109487 0.993003
0.0109803 0.992963
0.0110119 0.992922
0.0110436 0.992882
0.0110752 0.992841
0.0111068 0.9928
0.0111384 0.992759
0.01117 0.992719
0.0112017 0.992677
0.0112333 0.992636
0.0112649 0.992595
0.0112965 0.992554
0.0113282 0.992512
0.0113598 0.99247
0.0113914 0.992429
0.011423 0.992387
0.0114546 0.992345
0.0114863 0.992303
0.0115179 0.992261
0.0115495 0.992218
0.0115811 0.992176
0.0116128 0.992133
0.0116444 0.992091
0.011676 0.992048
0.0117076 0.992005
0.0117393 0.991962
0.0117709 0.991919
0.0118025 0.991876
0.0118341 0.991832
0.0118657 0.991789
0.0118974 0.991746
0.011929 0.991702
0.0119606 0.991658
0.0119922 0.991614
0.0120239 0.99157
0.0120555 0.991526
0.0120871 0.991482
0.0121187 0.991437
0.0121503 0.991393
0.012182 0.991348
0.0122136 0.991304
0.0122452 0.991259
0.0122768 0.991214
0.0123085 0.991169
0.0123401 0.991124
0.0123717 0.991079
0.0124033 0.991033
0.012435 0.990988
0.0124666 0.990942
0.0124982 0.990897
0.0125298 0.990851
0.0125614 0.990805
0.0125931 0.990759
0.0126247 0.990713
0.0126563 0.990666
0.0126879 0.99062
0.0127196 0.990574
0.0127512 0.990527
0.0127828 0.99048
0.0128144 0.990433
0.012846 0.990386
0.0128777 0.990339
0.0129093 0.990292
0.0129409 0.990245
0.0129725 0.990198
0.0130042 0.99015
0.0130358 0.990103
0.0130674 0.990055
0.013099 0.990007
0.0131307 0.989959
0.0131623 0.989911
0.0131939 0.989863
0.0132255 0.989815
0.0132571 0.989766
0.0132888 0.989718
0.0133204 0.989669
0.013352 0.98962
0.0133836 0.989571
0.0134153 0.989523
0.0134469 0.989473
0.0134785 0.989424
0.0135101 0.989375
0.0135418 0.989326
0.0135734 0.989276
0.013605 0.989226
0.0136366 0.989177
0.0136682 0.989127
0.0136999 0.989077
0.0137315 0.989027
0.0137631 0.988977
0.0137947 0.988926
0.0138264 0.988876
0.013858 0.988825
0.0138896 0.988775
0.0139212 0.988724
0.0139528 0.988673
0.0139845 0.988622
0.0140161 0.988571
0.0140477 0.98852
0.0140793 0.988469
0.014111 0.988417
0.0141426 0.988366
0.0141742 0.988314
0.0142058 0.988262
0.0142375 0.988211
0.0142691 0.988159
0.0143007 0.988107
0.0143323 0.988054
0.0143639 0.988002
0.0143956 0.98795
0.0144272 0.987897
0.0144588 0.987845
0.0144904 0.987792
0.0145221 0.987739
0.0145537 0.987686
0.0145853 0.987633
0.0146169 0.98758
0.0146485 0.987526
0.0146802 0.987473
0.0147118 0.98742
0.0147434 0.987366
0.014775 0.987312
0.0148067 0.987258
0.0148383 0.987204
0.0148699 0.98715
0.0149015 0.987096
0.0149332 0.987042
0.0149648 0.986987
0.0149964 0.986933
0.015028 0.986878
0.0150596 0.986824
0.0150913 0.986769
0.0151229 0.986714
0.0151545 0.986659
0.0151861 0.986603
0.0152178 0.986548
0.0152494 0.986493
0.015281 0.986437
0.0153126 0.986382
0.0153442 0.986326
0.0153759 0.98627
0.0154075 0.986214
0.0154391 0.986158
0.0154707 0.986102
0.0155024 0.986046
0.015534 0.985989
0.0155656 0.985933
0.0155972 0.985876
0.0156289 0.985819
0.0156605 0.985763
0.0156921 0.985706
0.0157237 0.985649
0.0157553 0.985591
0.015787 0.985534
0.0158186 0.985477
0.0158502 0.985419
0.0158818 0.985362
0.0159135 0.985304
0.0159451 0.985246
0.0159767 0.985188
0.0160083 0.98513
0.01604 0.985072
0.0160716 0.985014
0.0161032 0.984956
0.0161348 0.984897
0.0161664 0.984838
0.0161981 0.98478
0.0162297 0.984721
0.0162613 0.984662
0.0162929 0.984603
0.0163246 0.984544
0.0163562 0.984485
0.0163878 0.984425
0.0164194 0.984366
0.016451 0.984306
0.0164827 0.984247
0.0165143 0.984187
0.0165459 0.984127
0.0165775 0.984067
0.0166092 0.984007
0.0166408 0.983947
0.0166724 0.983886
0.016704 0.983826
0.0167357 0.983765
0.0167673 0.983705
0.0167989 0.983644
0.0168305 0.983583
0.0168621 0.983522
0.0168938 0.983461
0.0169254 0.9834
0.016957 0.983338
0.0169886 0.983277
0.0170203 0.983215
0.0170519 0.983154
0.0170835 0.983092
0.0171151 0.98303
0.0171467 0.982968
0.0171784 0.982906
0.01721 0.982844
0.0172416 0.982782
0.0172732 0.982719
0.0173049 0.982657
0.0173365 0.982594
0.0173681 0.982531
0.0173997 0.982469
0.0174314 0.982406
0.017463 0.982343
0.0174946 0.982279
0.0175262 0.982216
0.0175578 0.982153
0.0175895 0.982089
0.0176211 0.982026
0.0176527 0.981962
0.0176843 0.981898
0.017716 0.981834
0.0177476 0.98177
0.0177792 0.981706
0.0178108 0.981642
0.0178424 0.981578
0.0178741 0.981513
0.0179057 0.981449
0.0179373 0.981384
0.0179689 0.981319
0.0180006 0.981254
0.0180322 0.981189
0.0180638 0.981124
0.0180954 0.981059
0.0181271 0.980994
0.0181587 0.980928
0.0181903 0.980863
0.0182219 0.980797
0.0182535 0.980731
0.0182852 0.980666
0.0183168 0.9806
0.0183484 0.980534
0.01838 0.980467
0.0184117 0.980401
0.0184433 0.980335
0.0184749 0.980268
0.0185065 0.980202
0.0185381 0.980135
0.0185698 0.980068
0.0186014 0.980001
0.018633 0.979934
0.0186646 0.979867
0.0186963 0.9798
0.0187279 0.979732
0.0187595 0.979665
0.0187911 0.979597
0.0188228 0.97953
0.0188544 0.979462
0.018886 0.979394
0.0189176 0.979326
0.0189492 0.979258
0.0189809 0.97919
0.0190125 0.979121
0.0190441 0.979053
0.0190757 0.978985
0.0191074 0.978916
0.019139 0.978847
0.0191706 0.978778
0.0192022 0.978709
0.0192339 0.97864
0.0192655 0.978571
0.0192971 0.978502
0.0193287 0.978433
0.0193603 0.978363
0.019392 0.978293
0.0194236 0.978224
0.0194552 0.978154
0.0194868 0.978084
0.0195185 0.978014
0.0195501 0.977944
0.0195817 0.977874
0.0196133 0.977803
0.0196449 0.977733
0.0196766 0.977662
0.0197082 0.977592
0.0197398 0.977521
0.0197714 0.97745
0.0198031 0.977379
0.0198347 0.977308
0.0198663 0.977237
0.0198979 0.977166
0.0199296 0.977094
0.0199612 0.977023
0.0199928 0.976951
0.0200244 0.97688
0.020056 0.976808
0.0200877 0.976736
0.0201193 0.976664
0.0201509 0.976592
0.0201825 0.976519
0.0202142 0.976447
0.0202458 0.976375
0.0202774 0.976302
0.020309 0.97623
0.0203406 0.976157
0.0203723 0.976084
0.0204039 0.976011
0.0204355 0.975938
0.0204671 0.975865
0.0204988 0.975791
0.0205304 0.975718
0.020562 0.975645
0.0205936 0.975571
0.0206253 0.975497
0.0206569 0.975423
0.0206885 0.97535
0.0207201 0.975276
0.0207517 0.975201
0.0207834 0.975127
0.020815 0.975053
0.0208466 0.974978
0.0208782 0.974904
0.0209099 0.974829
0.0209415 0.974755
0.0209731 0.97468
0.0210047 0.974605
0.0210363 0.97453
0.021068 0.974455
0.0210996 0.974379
0.0211312 0.974304
0.0211628 0.974228
0.0211945 0.974153
0.0212261 0.974077
0.0212577 0.974001
0.0212893 0.973926
0.021321 0.97385
0.0213526 0.973773
0.0213842 0.973697
0.0214158 0.973621
0.0214474 0.973545
0.0214791 0.973468
0.0215107 0.973391
0.0215423 0.973315
0.0215739 0.973238
0.0216056 0.973161
0.0216372 0.973084
0.0216688 0.973007
0.0217004 0.97293
0.0217321 0.972852
0.0217637 0.972775
0.0217953 0.972697
0.0218269 0.97262
0.0218585 0.972542
0.0218902 0.972464
0.0219218 0.972386
0.0219534 0.972308
0.021985 0.97223
0.0220167 0.972151
0.0220483 0.972073
0.0220799 0.971995
0.0221115 0.971916
0.0221431 0.971837
0.0221748 0.971759
0.0222064 0.97168
0.022238 0.971601
0.0222696 0.971522
0.0223013 0.971442
0.0223329 0.971363
0.0223645 0.971284
0.0223961 0.971204
0.0224278 0.971125
0.0224594 0.971045
0.022491 0.970965
0.0225226 0.970885
0.0225542 0.970805
0.0225859 0.970725
0.0226175 0.970645
0.0226491 0.970565
0.0226807 0.970484
0.0227124 0.970404
0.022744 0.970323
0.0227756 0.970242
0.0228072 0.970161
0.0228388 0.97008
0.0228705 0.969999
0.0229021 0.969918
0.0229337 0.969837
0.0229653 0.969756
0.022997 0.969674
0.0230286 0.969593
0.0230602 0.969511
0.0230918 0.969429
0.0231235 0.969347
0.0231551 0.969266
0.0231867 0.969183
0.0232183 0.969101
0.0232499 0.969019
0.0232816 0.968937
0.0233132 0.968854
0.0233448 0.968772
0.0233764 0.968689
0.0234081 0.968606
0.0234397 0.968523
0.0234713 0.96844
0.0235029 0.968357
0.0235345 0.968274
0.0235662 0.968191
0.0235978 0.968108
0.0236294 0.968024
0.023661 0.967941
0.0236927 0.967857
0.0237243 0.967773
0.0237559 0.967689
0.0237875 0.967605
0.0238192 0.967521
0.0238508 0.967437
0.0238824 0.967353
0.023914 0.967268
0.0239456 0.967184
0.0239773 0.967099
0.0240089 0.967015
0.0240405 0.96693
0.0240721 0.966845
0.0241038 0.96676
0.0241354 0.966675
0.024167 0.96659
0.0241986 0.966504
0.0242302 0.966419
0.0242619 0.966334
0.0242935 0.966248
0.0243251 0.966162
0.0243567 0.966076
0.0243884 0.965991
0.02442 0.965905
0.0244516 0.965819
0.0244832 0.965732
0.0245149 0.965646
0.0245465 0.96556
0.0245781 0.965473
0.0246097 0.965387
0.0246413 0.9653
0.024673 0.965213
0.0247046 0.965126
0.0247362 0.965039
0.0247678 0.964952
0.0247995 0.964865
0.0248311 0.964778
0.0248627 0.96469
0.0248943 0.964603
0.024926 0.964515
0.0249576 0.964428
0.0249892 0.96434
0.0250208 0.964252
0.0250524 0.964164
0.0250841 0.964076
0.0251157 0.963988
0.0251473 0.9639
0.0251789 0.963811
0.0252106 0.963723
0.0252422 0.963634
0.0252738 0.963545
0.0253054 0.963457
0.025337 0.963368
0.0253687 0.963279
0.0254003 0.96319
0.0254319 0.963101
0.0254635 0.963011
0.0254952 0.962922
0.0255268 0.962833
0.0255584 0.962743
0.02559 0.962653
0.0256217 0.962564
0.0256533 0.962474
0.0256849 0.962384
0.0257165 0.962294
0.0257481 0.962204
0.0257798 0.962113
0.0258114 0.962023
0.025843 0.961933
0.0258746 0.961842
0.0259063 0.961751
0.0259379 0.961661
0.0259695 0.96157
0.0260011 0.961479
0.0260327 0.961388
0.0260644 0.961297
0.026096 0.961206
0.0261276 0.961114
0.0261592 0.961023
0.0261909 0.960931
0.0262225 0.96084
0.0262541 0.960748
0.0262857 0.960656
0.0263174 0.960564
0.026349 0.960472
0.0263806 0.96038
0.0264122 0.960288
0.0264438 0.960196
0.0264755 0.960103
0.0265071 0.960011
0.0265387 0.959918
0.0265703 0.959826
0.026602 0.959733
0.0266336 0.95964
0.0266652 0.959547
0.0266968 0.959454
0.0267284 0.959361
0.0267601 0.959268
0.0267917 0.959174
0.0268233 0.959081
0.0268549 0.958987
0.0268866 0.958894
0.0269182 0.9588
0.0269498 0.958706
0.0269814 0.958612
0.0270131 0.958518
0.0270447 0.958424
0.0270763 0.95833
0.0271079 0.958235
0.0271395 0.958141
0.0271712 0.958046
0.0272028 0.957952
0.0272344 0.957857
0.027266 0.957762
0.0272977 0.957667
0.0273293 0.957572
0.0273609 0.957477
0.0273925 0.957382
0.0274241 0.957287
0.0274558 0.957191
0.0274874 0.957096
0.027519 0.957
0.0275506 0.956905
0.0275823 0.956809
0.0276139 0.956713
0.0276455 0.956617
0.0276771 0.956521
0.0277088 0.956425
0.0277404 0.956329
0.027772 0.956232
0.0278036 0.956136
0.0278352 0.95604
0.0278669 0.955943
0.0278985 0.955846
0.0279301 0.955749
0.0279617 0.955652
0.0279934 0.955556
0.028025 0.955458
0.0280566 0.955361
0.0280882 0.955264
0.0281199 0.955167
0.0281515 0.955069
0.0281831 0.954972
0.0282147 0.954874
0.0282463 0.954776
0.028278 0.954678
0.0283096 0.95458
0.0283412 0.954482
0.0283728 0.954384
0.0284045 0.954286
0.0284361 0.954188
0.0284677 0.954089
0.0284993 0.953991
0.0285309 0.953892
0.0285626 0.953793
0.0285942 0.953695
0.0286258 0.953596
0.0286574 0.953497
0.0286891 0.953398
0.0287207 0.953299
0.0287523 0.953199
0.0287839 0.9531
0.0288156 0.953001
0.0288472 0.952901
0.0288788 0.952801
0.0289104 0.952702
0.028942 0.952602
0.0289737 0.952502
0.0290053 0.952402
0.0290369 0.952302
0.0290685 0.952202
0.0291002 0.952101
0.0291318 0.952001
0.0291634 0.9519
0.029195 0.9518
0.0292266 0.951699
0.0292583 0.951598
0.0292899 0.951498
0.0293215 0.951397
0.0293531 0.951296
0.0293848 0.951195
0.0294164 0.951093
0.029448 0.950992
0.0294796 0.950891
0.0295113 0.950789
0.0295429 0.950688
0.0295745 0.950586
0.0296061 0.950484
0.0296377 0.950382
0.0296694 0.95028
0.029701 0.950178
0.0297326 0.950076
0.0297642 0.949974
0.0297959 0.949872
0.0298275 0.949769
0.0298591 0.949667
0.0298907 0.949564
0.0299223 0.949461
0.029954 0.949359
0.0299856 0.949256
0.0300172 0.949153
0.0300488 0.94905
0.0300805 0.948946
0.0301121 0.948843
0.0301437 0.94874
0.0301753 0.948636
0.030207 0.948533
0.0302386 0.948429
0.0302702 0.948326
0.0303018 0.948222
0.0303334 0.948118
0.0303651 0.948014
0.0303967 0.94791
0.0304283 0.947806
0.0304599 0.947702
0.0304916 0.947597
0.0305232 0.947493
0.0305548 0.947388
0.0305864 0.947284
0.0306181 0.947179
0.0306497 0.947074
0.0306813 0.946969
0.0307129 0.946864
0.0307445 0.946759
0.0307762 0.946654
0.0308078 0.946549
0.0308394 0.946443
0.030871 0.946338
0.0309027 0.946233
0.0309343 0.946127
0.0309659 0.946021
0.0309975 0.945915
0.0310291 0.94581
0.0310608 0.945704
0.0310924 0.945598
0.031124 0.945491
0.0311556 0.945385
0.0311873 0.945279
0.0312189 0.945172
0.0312505 0.945066
0.0312821 0.944959
0.0313138 0.944853
0.0313454 0.944746
0.031377 0.944639
0.0314086 0.944532
0.0314402 0.944425
0.0314719 0.944318
0.0315035 0.944211
0.0315351 0.944103
0.0315667 0.943996
0.0315984 0.943888
0.03163 0.943781
0.0316616 0.943673
0.0316932 0.943565
0.0317248 0.943458
0.0317565 0.94335
0.0317881 0.943242
0.0318197 0.943133
0.0318513 0.943025
0.031883 0.942917
0.0319146 0.942809
0.0319462 0.9427
0.0319778 0.942592
0.0320095 0.942483
0.0320411 0.942374
0.0320727 0.942265
0.0321043 0.942156
0.0321359 0.942047
0.0321676 0.941938
0.0321992 0.941829
0.0322308 0.94172
0.0322624 0.94161
0.0322941 0.941501
0.0323257 0.941392
0.0323573 0.941282
0.0323889 0.941172
0.0324205 0.941062
0.0324522 0.940953
0.0324838 0.940843
0.0325154 0.940732
0.032547 0.940622
0.0325787 0.940512
0.0326103 0.940402
0.0326419 0.940291
0.0326735 0.940181
0.0327052 0.94007
0.0327368 0.93996
0.0327684 0.939849
0.0328 0.939738
0.0328316 0.939627
0.0328633 0.939516
0.0328949 0.939405
0.0329265 0.939294
0.0329581 0.939182
0.0329898 0.939071
0.0330214 0.93896
0.033053 0.938848
0.0330846 0.938736
0.0331162 0.938625
0.0331479 0.938513
0.0331795 0.938401
0.0332111 0.938289
0.0332427 0.938177
0.0332744 0.938065
0.033306 0.937953
0.0333376 0.93784
0.0333692 0.937728
0.0334009 0.937615
0.0334325 0.937503
0.0334641 0.93739
0.0334957 0.937277
0.0335273 0.937164
0.033559 0.937052
0.0335906 0.936939
0.0336222 0.936825
0.0336538 0.936712
0.0336855 0.936599
0.0337171 0.936486
0.0337487 0.936372
0.0337803 0.936259
0.033812 0.936145
0.0338436 0.936031
0.0338752 0.935918
0.0339068 0.935804
0.0339384 0.93569
0.0339701 0.935576
0.0340017 0.935462
0.0340333 0.935347
0.0340649 0.935233
0.0340966 0.935119
0.0341282 0.935004
0.0341598 0.93489
0.0341914 0.934775
0.034223 0.93466
0.0342547 0.934545
0.0342863 0.934431
0.0343179 0.934316
0.0343495 0.9342
0.0343812 0.934085
0.0344128 0.93397
0.0344444 0.933855
0.034476 0.933739
0.0345077 0.933624
0.0345393 0.933508
0.0345709 0.933393
0.0346025 0.933277
0.0346341 0.933161
0.0346658 0.933045
0.0346974 0.932929
0.034729 0.932813
0.0347606 0.932697
0.0347923 0.932581
0.0348239 0.932464
0.0348555 0.932348
0.0348871 0.932231
0.0349187 0.932115
0.0349504 0.931998
0.034982 0.931881
0.0350136 0.931765
0.0350452 0.931648
0.0350769 0.931531
0.0351085 0.931414
0.0351401 0.931297
0.0351717 0.931179
0.0352034 0.931062
0.035235 0.930945
0.0352666 0.930827
0.0352982 0.930709
0.0353298 0.930592
0.0353615 0.930474
0.0353931 0.930356
0.0354247 0.930238
0.0354563 0.93012
0.035488 0.930002
0.0355196 0.929884
0.0355512 0.929766
0.0355828 0.929647
0.0356144 0.929529
0.0356461 0.929411
0.0356777 0.929292
0.0357093 0.929173
0.0357409 0.929055
0.0357726 0.928936
0.0358042 0.928817
0.0358358 0.928698
0.0358674 0.928579
0.0358991 0.92846
0.0359307 0.92834
0.0359623 0.928221
0.0359939 0.928102
0.0360255 0.927982
0.0360572 0.927863
0.0360888 0.927743
0.0361204 0.927623
0.036152 0.927504
0.0361837 0.927384
0.0362153 0.927264
0.0362469 0.927144
0.0362785 0.927023
0.0363102 0.926903
0.0363418 0.926783
0.0363734 0.926663
0.036405 0.926542
0.0364366 0.926422
0.0364683 0.926301
0.0364999 0.92618
0.0365315 0.926059
0.0365631 0.925939
0.0365948 0.925818
0.0366264 0.925697
0.036658 0.925576
0.0366896 0.925454
0.0367212 0.925333
0.0367529 0.925212
0.0367845 0.92509
0.0368161 0.924969
0.0368477 0.924847
0.0368794 0.924726
0.036911 0.924604
0.0369426 0.924482
0.0369742 0.92436
0.0370059 0.924238
0.0370375 0.924116
0.0370691 0.923994
0.0371007 0.923872
0.0371323 0.923749
0.037164 0.923627
0.0371956 0.923504
0.0372272 0.923382
0.0372588 0.923259
0.0372905 0.923137
0.0373221 0.923014
0.0373537 0.922891
0.0373853 0.922768
0.0374169 0.922645
0.0374486 0.922522
0.0374802 0.922399
0.0375118 0.922275
0.0375434 0.922152
0.0375751 0.922029
0.0376067 0.921905
0.0376383 0.921782
0.0376699 0.921658
0.0377016 0.921534
0.0377332 0.92141
0.0377648 0.921286
0.0377964 0.921162
0.037828 0.921038
0.0378597 0.920914
0.0378913 0.92079
0.0379229 0.920666
0.0379545 0.920541
0.0379862 0.920417
0.0380178 0.920292
0.0380494 0.920168
0.038081 0.920043
0.0381126 0.919918
0.0381443 0.919794
0.0381759 0.919669
0.0382075 0.919544
0.0382391 0.919419
0.0382708 0.919293
0.0383024 0.919168
0.038334 0.919043
0.0383656 0.918918
0.0383973 0.918792
0.0384289 0.918667
0.0384605 0.918541
0.0384921 0.918415
0.0385237 0.918289
0.0385554 0.918164
0.038587 0.918038
0.0386186 0.917912
0.0386502 0.917786
0.0386819 0.917659
0.0387135 0.917533
0.0387451 0.917407
0.0387767 0.91728
0.0388083 0.917154
0.03884 0.917027
0.0388716 0.916901
0.0389032 0.916774
0.0389348 0.916647
0.0389665 0.916521
0.0389981 0.916394
0.0390297 0.916267
0.0390613 0.91614
0.039093 0.916012
0.0391246 0.915885
0.0391562 0.915758
0.0391878 0.91563
0.0392194 0.915503
0.0392511 0.915375
0.0392827 0.915248
0.0393143 0.91512
0.0393459 0.914992
0.0393776 0.914865
0.0394092 0.914737
0.0394408 0.914609
0.0394724 0.914481
0.0395041 0.914352
0.0395357 0.914224
0.0395673 0.914096
0.0395989 0.913968
0.0396305 0.913839
0.0396622 0.913711
0.0396938 0.913582
0.0397254 0.913453
0.039757 0.913325
0.0397887 0.913196
0.0398203 0.913067
0.0398519 0.912938
0.0398835 0.912809
0.0399151 0.91268
0.0399468 0.91255
0.0399784 0.912421
0.04001 0.912292
0.0400416 0.912162
0.0400733 0.912033
0.0401049 0.911903
0.0401365 0.911774
0.0401681 0.911644
0.0401998 0.911514
0.0402314 0.911384
0.040263 0.911254
0.0402946 0.911124
0.0403262 0.910994
0.0403579 0.910864
0.0403895 0.910734
0.0404211 0.910604
0.0404527 0.910473
0.0404844 0.910343
0.040516 0.910212
0.0405476 0.910082
0.0405792 0.909951
0.0406108 0.90982
0.0406425 0.909689
0.0406741 0.909558
0.0407057 0.909427
0.0407373 0.909296
0.040769 0.909165
0.0408006 0.909034
0.0408322 0.908903
0.0408638 0.908771
0.0408955 0.90864
0.0409271 0.908508
0.0409587 0.908377
0.0409903 0.908245
0.0410219 0.908114
0.0410536 0.907982
0.0410852 0.90785
0.0411168 0.907718
0.0411484 0.907586
0.0411801 0.907454
0.0412117 0.907322
0.0412433 0.90719
0.0412749 0.907057
0.0413065 0.906925
0.0413382 0.906792
0.0413698 0.90666
0.0414014 0.906527
0.041433 0.906395
0.0414647 0.906262
0.0414963 0.906129
0.0415279 0.905996
0.0415595 0.905863
0.0415912 0.90573
0.0416228 0.905597
0.0416544 0.905464
0.041686 0.905331
0.0417176 0.905198
0.0417493 0.905064
0.0417809 0.904931
0.0418125 0.904797
0.0418441 0.904664
0.0418758 0.90453
0.0419074 0.904396
0.041939 0.904262
0.0419706 0.904129
0.0420022 0.903995
0.0420339 0.903861
0.0420655 0.903726
0.0420971 0.903592
0.0421287 0.903458
0.0421604 0.903324
0.042192 0.903189
0.0422236 0.903055
0.0422552 0.90292
0.0422869 0.902786
0.0423185 0.902651
0.0423501 0.902517
0.0423817 0.902382
0.0424133 0.902247
0.042445 0.902112
0.0424766 0.901977
0.0425082 0.901842
0.0425398 0.901707
0.0425715 0.901572
0.0426031 0.901436
0.0426347 0.901301
0.0426663 0.901165
0.042698 0.90103
0.0427296 0.900894
0.0427612 0.900759
0.0427928 0.900623
0.0428244 0.900487
0.0428561 0.900351
0.0428877 0.900216
0.0429193 0.90008
0.0429509 0.899943
0.0429826 0.899807
0.0430142 0.899671
0.0430458 0.899535
0.0430774 0.899399
0.043109 0.899262
0.0431407 0.899126
0.0431723 0.898989
0.0432039 0.898853
0.0432355 0.898716
0.0432672 0.898579
0.0432988 0.898442
0.0433304 0.898305
0.043362 0.898169
0.0433937 0.898032
0.0434253 0.897894
0.0434569 0.897757
0.0434885 0.89762
0.0435201 0.897483
0.0435518 0.897345
0.0435834 0.897208
0.043615 0.89707
0.0436466 0.896933
0.0436783 0.896795
0.0437099 0.896658
0.0437415 0.89652
0.0437731 0.896382
0.0438047 0.896244
0.0438364 0.896106
0.043868 0.895968
0.0438996 0.89583
0.0439312 0.895692
0.0439629 0.895554
0.0439945 0.895415
0.0440261 0.895277
0.0440577 0.895138
0.0440894 0.895
0.044121 0.894861
0.0441526 0.894723
0.0441842 0.894584
0.0442158 0.894445
0.0442475 0.894306
0.0442791 0.894167
0.0443107 0.894028
0.0443423 0.893889
0.044374 0.89375
0.0444056 0.893611
0.0444372 0.893472
0.0444688 0.893333
0.0445004 0.893193
0.0445321 0.893054
0.0445637 0.892914
0.0445953 0.892775
0.0446269 0.892635
0.0446586 0.892495
0.0446902 0.892356
0.0447218 0.892216
0.0447534 0.892076
0.0447851 0.891936
0.0448167 0.891796
0.0448483 0.891656
0.0448799 0.891515
0.0449115 0.891375
0.0449432 0.891235
0.0449748 0.891095
0.0450064 0.890954
0.045038 0.890814
0.0450697 0.890673
0.0451013 0.890532
0.0451329 0.890392
0.0451645 0.890251
0.0451962 0.89011
0.0452278 0.889969
0.0452594 0.889828
0.045291 0.889687
0.0453226 0.889546
0.0453543 0.889405
0.0453859 0.889264
0.0454175 0.889123
0.0454491 0.888981
0.0454808 0.88884
0.0455124 0.888698
0.045544 0.888557
0.0455756 0.888415
0.0456072 0.888274
0.0456389 0.888132
0.0456705 0.88799
0.0457021 0.887848
0.0457337 0.887706
0.0457654 0.887564
0.045797 0.887422
0.0458286 0.88728
0.0458602 0.887138
0.0458919 0.886996
0.0459235 0.886853
0.0459551 0.886711
0.0459867 0.886568
0.0460183 0.886426
0.04605 0.886283
0.0460816 0.886141
0.0461132 0.885998
0.0461448 0.885855
0.0461765 0.885713
0.0462081 0.88557
0.0462397 0.885427
0.0462713 0.885284
0.0463029 0.885141
0.0463346 0.884998
0.0463662 0.884854
0.0463978 0.884711
0.0464294 0.884568
0.0464611 0.884424
0.0464927 0.884281
0.0465243 0.884137
0.0465559 0.883994
0.0465876 0.88385
0.0466192 0.883706
0.0466508 0.883563
0.0466824 0.883419
0.046714 0.883275
0.0467457 0.883131
0.0467773 0.882987
0.0468089 0.882843
0.0468405 0.882699
0.0468722 0.882555
0.0469038 0.88241
0.0469354 0.882266
0.046967 0.882122
0.0469986 0.881977
0.0470303 0.881833
0.0470619 0.881688
0.0470935 0.881544
0.0471251 0.881399
0.0471568 0.881254
0.0471884 0.881109
0.04722 0.880964
0.0472516 0.880819
0.0472833 0.880674
0.0473149 0.880529
0.0473465 0.880384
0.0473781 0.880239
0.0474097 0.880094
0.0474414 0.879949
0.047473 0.879803
0.0475046 0.879658
0.0475362 0.879512
0.0475679 0.879367
0.0475995 0.879221
0.0476311 0.879076
0.0476627 0.87893
0.0476943 0.878784
0.047726 0.878638
0.0477576 0.878492
0.0477892 0.878346
0.0478208 0.8782
0.0478525 0.878054
0.0478841 0.877908
0.0479157 0.877762
0.0479473 0.877616
0.047979 0.877469
0.0480106 0.877323
0.0480422 0.877176
0.0480738 0.87703
0.0481054 0.876883
0.0481371 0.876737
0.0481687 0.87659
0.0482003 0.876443
0.0482319 0.876296
0.0482636 0.87615
0.0482952 0.876003
0.0483268 0.875856
0.0483584 0.875709
0.0483901 0.875562
0.0484217 0.875414
0.0484533 0.875267
0.0484849 0.87512
0.0485165 0.874973
0.0485482 0.874825
0.0485798 0.874678
0.0486114 0.87453
0.048643 0.874383
0.0486747 0.874235
0.0487063 0.874087
0.0487379 0.87394
0.0487695 0.873792
0.0488011 0.873644
0.0488328 0.873496
0.0488644 0.873348
0.048896 0.8732
0.0489276 0.873052
0.0489593 0.872904
0.0489909 0.872755
0.0490225 0.872607
0.0490541 0.872459
0.0490858 0.87231
0.0491174 0.872162
0.049149 0.872014
0.0491806 0.871865
0.0492122 0.871716
0.0492439 0.871568
0.0492755 0.871419
0.0493071 0.87127
0.0493387 0.871121
0.0493704 0.870972
0.049402 0.870823
0.0494336 0.870674
0.0494652 0.870525
0.0494968 0.870376
0.0495285 0.870227
0.0495601 0.870078
0.0495917 0.869928
0.0496233 0.869779
0.049655 0.86963
0.0496866 0.86948
0.0497182 0.869331
0.0497498 0.869181
0.0497815 0.869031
0.0498131 0.868882
0.0498447 0.868732
0.0498763 0.868582
0.0499079 0.868432
0.0499396 0.868282
0.0499712 0.868132
0.0500028 0.867982
0.0500344 0.867832
0.0500661 0.867682
0.0500977 0.867532
0.0501293 0.867382
0.0501609 0.867231
0.0501925 0.867081
0.0502242 0.866931
0.0502558 0.86678
0.0502874 0.86663
0.050319 0.866479
0.0503507 0.866328
0.0503823 0.866178
0.0504139 0.866027
0.0504455 0.865876
0.0504772 0.865725
0.0505088 0.865574
0.0505404 0.865423
0.050572 0.865272
0.0506036 0.865121
0.0506353 0.86497
0.0506669 0.864819
0.0506985 0.864667
0.0507301 0.864516
0.0507618 0.864365
0.0507934 0.864213
0.050825 0.864062
0.0508566 0.86391
0.0508883 0.863759
0.0509199 0.863607
0.0509515 0.863455
0.0509831 0.863304
0.0510147 0.863152
0.0510464 0.863
0.051078 0.862848
0.0511096 0.862696
0.0511412 0.862544
0.0511729 0.862392
0.0512045 0.86224
0.0512361 0.862088
0.0512677 0.861936
0.0512993 0.861783
0.051331 0.861631
0.0513626 0.861479
0.0513942 0.861326
0.0514258 0.861174
0.0514575 0.861021
0.0514891 0.860869
0.0515207 0.860716
0.0515523 0.860563
0.051584 0.86041
0.0516156 0.860258
0.0516472 0.860105
0.0516788 0.859952
0.0517104 0.859799
0.0517421 0.859646
0.0517737 0.859493
0.0518053 0.85934
0.0518369 0.859186
0.0518686 0.859033
0.0519002 0.85888
0.0519318 0.858727
0.0519634 0.858573
0.051995 0.85842
0.0520267 0.858266
0.0520583 0.858113
0.0520899 0.857959
0.0521215 0.857805
0.0521532 0.857652
0.0521848 0.857498
0.0522164 0.857344
0.052248 0.85719
0.0522797 0.857036
0.0523113 0.856882
0.0523429 0.856728
0.0523745 0.856574
0.0524061 0.85642
0.0524378 0.856266
0.0524694 0.856112
0.052501 0.855957
0.0525326 0.855803
0.0525643 0.855649
0.0525959 0.855494
0.0526275 0.85534
0.0526591 0.855185
0.0526907 0.855031
0.0527224 0.854876
0.052754 0.854721
0.0527856 0.854567
0.0528172 0.854412
0.0528489 0.854257
0.0528805 0.854102
0.0529121 0.853947
0.0529437 0.853792
0.0529754 0.853637
0.053007 0.853482
0.0530386 0.853327
0.0530702 0.853172
0.0531018 0.853017
0.0531335 0.852861
0.0531651 0.852706
0.0531967 0.852551
0.0532283 0.852395
0.05326 0.85224
0.0532916 0.852084
0.0533232 0.851929
0.0533548 0.851773
0.0533864 0.851617
0.0534181 0.851462
0.0534497 0.851306
0.0534813 0.85115
0.0535129 0.850994
0.0535446 0.850838
0.0535762 0.850682
0.0536078 0.850526
0.0536394 0.85037
0.0536711 0.850214
0.0537027 0.850058
0.0537343 0.849901
0.0537659 0.849745
0.0537975 0.849589
0.0538292 0.849432
0.0538608 0.849276
0.0538924 0.84912
0.053924 0.848963
0.0539557 0.848807
0.0539873 0.84865
0.0540189 0.848493
0.0540505 0.848337
0.0540822 0.84818
0.0541138 0.848023
0.0541454 0.847866
0.054177 0.847709
0.0542086 0.847552
0.0542403 0.847395
0.0542719 0.847238
0.0543035 0.847081
0.0543351 0.846924
0.0543668 0.846767
0.0543984 0.84661
0.05443 0.846452
0.0544616 0.846295
0.0544932 0.846138
0.0545249 0.84598
0.0545565 0.845823
0.0545881 0.845665
0.0546197 0.845508
0.0546514 0.84535
0.054683 0.845192
0.0547146 0.845035
0.0547462 0.844877
0.0547779 0.844719
0.0548095 0.844561
0.0548411 0.844403
0.0548727 0.844245
0.0549043 0.844087
0.054936 0.843929
0.0549676 0.843771
0.0549992 0.843613
0.0550308 0.843455
0.0550625 0.843297
0.0550941 0.843138
0.0551257 0.84298
0.0551573 0.842822
0.0551889 0.842663
0.0552206 0.842505
0.0552522 0.842346
0.0552838 0.842188
0.0553154 0.842029
0.0553471 0.84187
0.0553787 0.841712
0.0554103 0.841553
0.0554419 0.841394
0.0554736 0.841235
0.0555052 0.841077
0.0555368 0.840918
0.0555684 0.840759
0.0556 0.8406
0.0556317 0.840441
0.0556633 0.840282
0.0556949 0.840122
0.0557265 0.839963
0.0557582 0.839804
0.0557898 0.839645
0.0558214 0.839485
0.055853 0.839326
0.0558846 0.839167
0.0559163 0.839007
0.0559479 0.838848
0.0559795 0.838688
0.0560111 0.838528
0.0560428 0.838369
0.0560744 0.838209
0.056106 0.838049
0.0561376 0.83789
0.0561693 0.83773
0.0562009 0.83757
0.0562325 0.83741
0.0562641 0.83725
0.0562957 0.83709
0.0563274 0.83693
0.056359 0.83677
0.0563906 0.83661
0.0564222 0.83645
0.0564539 0.83629
0.0564855 0.836129
0.0565171 0.835969
0.0565487 0.835809
0.0565803 0.835648
0.056612 0.835488
0.0566436 0.835327
0.0566752 0.835167
0.0567068 0.835006
0.0567385 0.834846
0.0567701 0.834685
0.0568017 0.834524
0.0568333 0.834364
0.056865 0.834203
0.0568966 0.834042
0.0569282 0.833881
0.0569598 0.83372
0.0569914 0.833559
0.0570231 0.833398
0.0570547 0.833237
0.0570863 0.833076
0.0571179 0.832915
0.0571496 0.832754
0.0571812 0.832593
0.0572128 0.832432
0.0572444 0.83227
0.0572761 0.832109
0.0573077 0.831948
0.0573393 0.831786
0.0573709 0.831625
0.0574025 0.831463
0.0574342 0.831302
0.0574658 0.83114
0.0574974 0.830979
0.057529 0.830817
0.0575607 0.830655
0.0575923 0.830493
0.0576239 0.830332
0.0576555 0.83017
0.0576871 0.830008
0.0577188 0.829846
0.0577504 0.829684
0.057782 0.829522
0.0578136 0.82936
0.0578453 0.829198
0.0578769 0.829036
0.0579085 0.828874
0.0579401 0.828711
0.0579718 0.828549
0.0580034 0.828387
0.058035 0.828225
0.0580666 0.828062
0.0580982 0.8279
0.0581299 0.827737
0.0581615 0.827575
0.0581931 0.827412
0.0582247 0.82725
0.0582564 0.827087
0.058288 0.826925
0.0583196 0.826762
0.0583512 0.826599
0.0583828 0.826436
0.0584145 0.826274
0.0584461 0.826111
0.0584777 0.825948
0.0585093 0.825785
0.058541 0.825622
0.0585726 0.825459
0.0586042 0.825296
0.0586358 0.825133
0.0586675 0.82497
0.0586991 0.824807
0.0587307 0.824643
0.0587623 0.82448
0.0587939 0.824317
0.0588256 0.824154
0.0588572 0.82399
0.0588888 0.823827
0.0589204 0.823663
0.0589521 0.8235
0.0589837 0.823336
0.0590153 0.823173
0.0590469 0.823009
0.0590785 0.822846
0.0591102 0.822682
0.0591418 0.822518
0.0591734 0.822354
0.059205 0.822191
0.0592367 0.822027
0.0592683 0.821863
0.0592999 0.821699
0.0593315 0.821535
0.0593632 0.821371
0.0593948 0.821207
0.0594264 0.821043
0.059458 0.820879
0.0594896 0.820715
0.0595213 0.820551
0.0595529 0.820386
0.0595845 0.820222
0.0596161 0.820058
0.0596478 0.819894
0.0596794 0.819729
0.059711 0.819565
0.0597426 0.8194
0.0597743 0.819236
0.0598059 0.819071
0.0598375 0.818907
0.0598691 0.818742
0.0599007 0.818578
0.0599324 0.818413
0.059964 0.818248
0.0599956 0.818084
0.0600272 0.817919
0.0600589 0.817754
0.0600905 0.817589
0.0601221 0.817424
0.0601537 0.817259
0.0601853 0.817094
0.060217 0.816929
0.0602486 0.816764
0.0602802 0.816599
0.0603118 0.816434
0.0603435 0.816269
0.0603751 0.816104
0.0604067 0.815939
0.0604383 0.815773
0.06047 0.815608
0.0605016 0.815443
0.0605332 0.815277
0.0605648 0.815112
0.0605964 0.814947
0.0606281 0.814781
0.0606597 0.814616
0.0606913 0.81445
0.0607229 0.814285
0.0607546 0.814119
0.0607862 0.813953
0.0608178 0.813788
0.0608494 0.813622
0.060881 0.813456
0.0609127 0.81329
0.0609443 0.813125
0.0609759 0.812959
0.0610075 0.812793
0.0610392 0.812627
0.0610708 0.812461
0.0611024 0.812295
0.061134 0.812129
0.0611657 0.811963
0.0611973 0.811797
0.0612289 0.811631
0.0612605 0.811464
0.0612921 0.811298
0.0613238 0.811132
0.0613554 0.810966
0.061387 0.810799
0.0614186 0.810633
0.0614503 0.810467
0.0614819 0.8103
0.0615135 0.810134
0.0615451 0.809967
0.0615767 0.809801
0.0616084 0.809634
0.06164 0.809468
0.0616716 0.809301
0.0617032 0.809134
0.0617349 0.808968
0.0617665 0.808801
0.0617981 0.808634
0.0618297 0.808467
0.0618614 0.808301
0.061893 0.808134
0.0619246 0.807967
0.0619562 0.8078
0.0619878 0.807633
0.0620195 0.807466
0.0620511 0.807299
0.0620827 0.807132
0.0621143 0.806965
0.062146 0.806798
0.0621776 0.806631
0.0622092 0.806463
0.0622408 0.806296
0.0622724 0.806129
0.0623041 0.805962
0.0623357 0.805794
0.0623673 0.805627
0.0623989 0.805459
0.0624306 0.805292
0.0624622 0.805125
0.0624938 0.804957
0.0625254 0.80479
0.0625571 0.804622
0.0625887 0.804454
0.0626203 0.804287
0.0626519 0.804119
0.0626835 0.803952
0.0627152 0.803784
0.0627468 0.803616
0.0627784 0.803448
0.06281 0.803281
0.0628417 0.803113
0.0628733 0.802945
0.0629049 0.802777
0.0629365 0.802609
0.0629682 0.802441
0.0629998 0.802273
0.0630314 0.802105
0.063063 0.801937
0.0630946 0.801769
0.0631263 0.801601
0.0631579 0.801433
0.0631895 0.801264
0.0632211 0.801096
0.0632528 0.800928
0.0632844 0.80076
0.063316 0.800591
0.0633476 0.800423
0.0633792 0.800255
0.0634109 0.800086
0.0634425 0.799918
0.0634741 0.799749
0.0635057 0.799581
0.0635374 0.799412
0.063569 0.799244
0.0636006 0.799075
0.0636322 0.798907
0.0636639 0.798738
0.0636955 0.798569
0.0637271 0.798401
0.0637587 0.798232
0.0637903 0.798063
0.063822 0.797894
0.0638536 0.797725
0.0638852 0.797557
0.0639168 0.797388
0.0639485 0.797219
0.0639801 0.79705
0.0640117 0.796881
0.0640433 0.796712
0.0640749 0.796543
0.0641066 0.796374
0.0641382 0.796205
0.0641698 0.796035
0.0642014 0.795866
0.0642331 0.795697
0.0642647 0.795528
0.0642963 0.795359
0.0643279 0.795189
0.0643596 0.79502
0.0643912 0.794851
0.0644228 0.794681
0.0644544 0.794512
0.064486 0.794343
0.0645177 0.794173
0.0645493 0.794004
0.0645809 0.793834
0.0646125 0.793665
0.0646442 0.793495
0.0646758 0.793325
0.0647074 0.793156
0.064739 0.792986
0.0647706 0.792817
0.0648023 0.792647
0.0648339 0.792477
0.0648655 0.792307
0.0648971 0.792138
0.0649288 0.791968
0.0649604 0.791798
0.064992 0.791628
0.0650236 0.791458
0.0650553 0.791288
0.0650869 0.791118
0.0651185 0.790948
0.0651501 0.790778
0.0651817 0.790608
0.0652134 0.790438
0.065245 0.790268
0.0652766 0.790098
0.0653082 0.789928
0.0653399 0.789758
0.0653715 0.789587
0.0654031 0.789417
0.0654347 0.789247
0.0654664 0.789077
0.065498 0.788906
0.0655296 0.788736
0.0655612 0.788566
0.0655928 0.788395
0.0656245 0.788225
0.0656561 0.788054
0.0656877 0.787884
0.0657193 0.787713
0.065751 0.787543
0.0657826 0.787372
0.0658142 0.787202
0.0658458 0.787031
0.0658774 0.78686
0.0659091 0.78669
0.0659407 0.786519
0.0659723 0.786348
0.0660039 0.786178
0.0660356 0.786007
0.0660672 0.785836
0.0660988 0.785665
0.0661304 0.785494
0.0661621 0.785324
0.0661937 0.785153
0.0662253 0.784982
0.0662569 0.784811
0.0662885 0.78464
0.0663202 0.784469
0.0663518 0.784298
0.0663834 0.784127
0.066415 0.783956
0.0664467 0.783785
0.0664783 0.783613
0.0665099 0.783442
0.0665415 0.783271
0.0665731 0.7831
0.0666048 0.782929
0.0666364 0.782757
0.066668 0.782586
0.0666996 0.782415
0.0667313 0.782244
0.0667629 0.782072
0.0667945 0.781901
0.0668261 0.781729
0.0668578 0.781558
0.0668894 0.781386
0.066921 0.781215
0.0669526 0.781044
0.0669842 0.780872
0.0670159 0.7807
0.0670475 0.780529
0.0670791 0.780357
0.0671107 0.780186
0.0671424 0.780014
0.067174 0.779842
0.0672056 0.779671
0.0672372 0.779499
0.0672688 0.779327
0.0673005 0.779155
0.0673321 0.778984
0.0673637 0.778812
0.0673953 0.77864
0.067427 0.778468
0.0674586 0.778296
0.0674902 0.778124
0.0675218 0.777952
0.0675535 0.77778
0.0675851 0.777608
0.0676167 0.777436
0.0676483 0.777264
0.0676799 0.777092
0.0677116 0.77692
0.0677432 0.776748
0.0677748 0.776576
0.0678064 0.776404
0.0678381 0.776232
0.0678697 0.77606
0.0679013 0.775887
0.0679329 0.775715
0.0679645 0.775543
0.0679962 0.775371
0.0680278 0.775198
0.0680594 0.775026
0.068091 0.774854
0.0681227 0.774681
0.0681543 0.774509
0.0681859 0.774336
0.0682175 0.774164
0.0682492 0.773991
0.0682808 0.773819
0.0683124 0.773646
0.068344 0.773474
0.0683756 0.773301
0.0684073 0.773129
0.0684389 0.772956
0.0684705 0.772784
0.0685021 0.772611
0.0685338 0.772438
0.0685654 0.772266
0.068597 0.772093
0.0686286 0.77192
0.0686603 0.771747
0.0686919 0.771575
0.0687235 0.771402
0.0687551 0.771229
0.0687867 0.771056
0.0688184 0.770883
0.06885 0.770711
0.0688816 0.770538
0.0689132 0.770365
0.0689449 0.770192
0.0689765 0.770019
0.0690081 0.769846
0.0690397 0.769673
0.0690713 0.7695
0.069103 0.769327
0.0691346 0.769154
0.0691662 0.768981
0.0691978 0.768808
0.0692295 0.768634
0.0692611 0.768461
0.0692927 0.768288
0.0693243 0.768115
0.069356 0.767942
0.0693876 0.767768
0.0694192 0.767595
0.0694508 0.767422
0.0694824 0.767249
0.0695141 0.767075
0.0695457 0.766902
0.0695773 0.766729
0.0696089 0.766555
0.0696406 0.766382
0.0696722 0.766209
0.0697038 0.766035
0.0697354 0.765862
0.069767 0.765688
0.0697987 0.765515
0.0698303 0.765341
0.0698619 0.765168
0.0698935 0.764994
0.0699252 0.764821
0.0699568 0.764647
0.0699884 0.764473
0.07002 0.7643
0.0700517 0.764126
0.0700833 0.763952
0.0701149 0.763779
0.0701465 0.763605
0.0701781 0.763431
0.0702098 0.763258
0.0702414 0.763084
0.070273 0.76291
0.0703046 0.762736
0.0703363 0.762562
0.0703679 0.762389
0.0703995 0.762215
0.0704311 0.762041
0.0704627 0.761867
0.0704944 0.761693
0.070526 0.761519
0.0705576 0.761345
0.0705892 0.761171
0.0706209 0.760997
0.0706525 0.760823
0.0706841 0.760649
0.0707157 0.760475
0.0707474 0.760301
0.070779 0.760127
0.0708106 0.759953
0.0708422 0.759779
0.0708738 0.759605
0.0709055 0.759431
0.0709371 0.759256
0.0709687 0.759082
0.0710003 0.758908
0.071032 0.758734
0.0710636 0.75856
0.0710952 0.758385
0.0711268 0.758211
0.0711584 0.758037
0.0711901 0.757863
0.0712217 0.757688
0.0712533 0.757514
0.0712849 0.75734
0.0713166 0.757165
0.0713482 0.756991
0.0713798 0.756816
0.0714114 0.756642
0.0714431 0.756467
0.0714747 0.756293
0.0715063 0.756119
0.0715379 0.755944
0.0715695 0.75577
0.0716012 0.755595
0.0716328 0.75542
0.0716644 0.755246
0.071696 0.755071
0.0717277 0.754897
0.0717593 0.754722
0.0717909 0.754548
0.0718225 0.754373
0.0718542 0.754198
0.0718858 0.754024
0.0719174 0.753849
0.071949 0.753674
0.0719806 0.753499
0.0720123 0.753325
0.0720439 0.75315
0.0720755 0.752975
0.0721071 0.7528
0.0721388 0.752626
0.0721704 0.752451
0.072202 0.752276
0.0722336 0.752101
0.0722652 0.751926
0.0722969 0.751751
0.0723285 0.751577
0.0723601 0.751402
0.0723917 0.751227
0.0724234 0.751052
0.072455 0.750877
0.0724866 0.750702
0.0725182 0.750527
0.0725499 0.750352
0.0725815 0.750177
0.0726131 0.750002
0.0726447 0.749827
0.0726763 0.749652
0.072708 0.749477
0.0727396 0.749302
0.0727712 0.749126
0.0728028 0.748951
0.0728345 0.748776
0.0728661 0.748601
0.0728977 0.748426
0.0729293 0.748251
0.0729609 0.748076
0.0729926 0.7479
0.0730242 0.747725
0.0730558 0.74755
0.0730874 0.747375
0.0731191 0.747199
0.0731507 0.747024
0.0731823 0.746849
0.0732139 0.746674
0.0732456 0.746498
0.0732772 0.746323
0.0733088 0.746148
0.0733404 0.745972
0.073372 0.745797
0.0734037 0.745621
0.0734353 0.745446
0.0734669 0.745271
0.0734985 0.745095
0.0735302 0.74492
0.0735618 0.744744
0.0735934 0.744569
0.073625 0.744393
0.0736566 0.744218
0.0736883 0.744042
0.0737199 0.743867
0.0737515 0.743691
0.0737831 0.743516
0.0738148 0.74334
0.0738464 0.743165
0.073878 0.742989
0.0739096 0.742813
0.0739413 0.742638
0.0739729 0.742462
0.0740045 0.742287
0.0740361 0.742111
0.0740677 0.741935
0.0740994 0.74176
0.074131 0.741584
0.0741626 0.741408
0.0741942 0.741232
0.0742259 0.741057
0.0742575 0.740881
0.0742891 0.740705
0.0743207 0.740529
0.0743524 0.740354
0.074384 0.740178
0.0744156 0.740002
0.0744472 0.739826
0.0744788 0.73965
0.0745105 0.739475
0.0745421 0.739299
0.0745737 0.739123
0.0746053 0.738947
0.074637 0.738771
0.0746686 0.738595
0.0747002 0.738419
0.0747318 0.738243
0.0747634 0.738068
0.0747951 0.737892
0.0748267 0.737716
0.0748583 0.73754
0.0748899 0.737364
0.0749216 0.737188
0.0749532 0.737012
0.0749848 0.736836
0.0750164 0.73666
0.0750481 0.736484
0.0750797 0.736308
0.0751113 0.736132
0.0751429 0.735955
0.0751745 0.735779
0.0752062 0.735603
0.0752378 0.735427
0.0752694 0.735251
0.075301 0.735075
0.0753327 0.734899
0.0753643 0.734723
0.0753959 0.734547
0.0754275 0.73437
0.0754591 0.734194
0.0754908 0.734018
0.0755224 0.733842
0.075554 0.733666
0.0755856 0.733489
0.0756173 0.733313
0.0756489 0.733137
0.0756805 0.732961
0.0757121 0.732785
0.0757438 0.732608
0.0757754 0.732432
0.075807 0.732256
0.0758386 0.732079
0.0758702 0.731903
0.0759019 0.731727
0.0759335 0.73155
0.0759651 0.731374
0.0759967 0.731198
0.0760284 0.731021
0.07606 0.730845
0.0760916 0.730669
0.0761232 0.730492
0.0761548 0.730316
0.0761865 0.73014
0.0762181 0.729963
0.0762497 0.729787
0.0762813 0.72961
0.076313 0.729434
0.0763446 0.729257
0.0763762 0.729081
0.0764078 0.728905
0.0764395 0.728728
0.0764711 0.728552
0.0765027 0.728375
0.0765343 0.728199
0.0765659 0.728022
0.0765976 0.727846
0.0766292 0.727669
0.0766608 0.727493
0.0766924 0.727316
0.0767241 0.727139
0.0767557 0.726963
0.0767873 0.726786
0.0768189 0.72661
0.0768505 0.726433
0.0768822 0.726257
0.0769138 0.72608
0.0769454 0.725903
0.076977 0.725727
0.0770087 0.72555
0.0770403 0.725373
0.0770719 0.725197
0.0771035 0.72502
0.0771352 0.724844
0.0771668 0.724667
0.0771984 0.72449
0.07723 0.724314
0.0772616 0.724137
0.0772933 0.72396
0.0773249 0.723783
0.0773565 0.723607
0.0773881 0.72343
0.0774198 0.723253
0.0774514 0.723077
0.077483 0.7229
0.0775146 0.722723
0.0775463 0.722546
0.0775779 0.72237
0.0776095 0.722193
0.0776411 0.722016
0.0776727 0.721839
0.0777044 0.721662
0.077736 0.721486
0.0777676 0.721309
0.0777992 0.721132
0.0778309 0.720955
0.0778625 0.720778
0.0778941 0.720602
0.0779257 0.720425
0.0779573 0.720248
0.077989 0.720071
0.0780206 0.719894
0.0780522 0.719717
0.0780838 0.71954
0.0781155 0.719364
0.0781471 0.719187
0.0781787 0.71901
0.0782103 0.718833
0.078242 0.718656
0.0782736 0.718479
0.0783052 0.718302
0.0783368 0.718125
0.0783684 0.717948
0.0784001 0.717771
0.0784317 0.717594
0.0784633 0.717418
0.0784949 0.717241
0.0785266 0.717064
0.0785582 0.716887
0.0785898 0.71671
0.0786214 0.716533
0.078653 0.716356
0.0786847 0.716179
0.0787163 0.716002
0.0787479 0.715825
0.0787795 0.715648
0.0788112 0.715471
0.0788428 0.715294
0.0788744 0.715117
0.078906 0.71494
0.0789377 0.714763
0.0789693 0.714586
0.0790009 0.714409
0.0790325 0.714232
0.0790641 0.714055
0.0790958 0.713877
0.0791274 0.7137
0.079159 0.713523
0.0791906 0.713346
0.0792223 0.713169
0.0792539 0.712992
0.0792855 0.712815
0.0793171 0.712638
0.0793487 0.712461
0.0793804 0.712284
0.079412 0.712107
0.0794436 0.71193
0.0794752 0.711752
0.0795069 0.711575
0.0795385 0.711398
0.0795701 0.711221
0.0796017 0.711044
0.0796334 0.710867
0.079665 0.71069
0.0796966 0.710513
0.0797282 0.710335
0.0797598 0.710158
0.0797915 0.709981
0.0798231 0.709804
0.0798547 0.709627
0.0798863 0.70945
0.079918 0.709273
0.0799496 0.709095
0.0799812 0.708918
0.0800128 0.708741
0.0800445 0.708564
0.0800761 0.708387
0.0801077 0.708209
0.0801393 0.708032
0.0801709 0.707855
0.0802026 0.707678
0.0802342 0.707501
0.0802658 0.707323
0.0802974 0.707146
0.0803291 0.706969
0.0803607 0.706792
0.0803923 0.706615
0.0804239 0.706437
0.0804555 0.70626
0.0804872 0.706083
0.0805188 0.705906
0.0805504 0.705729
0.080582 0.705551
0.0806137 0.705374
0.0806453 0.705197
0.0806769 0.70502
0.0807085 0.704842
0.0807402 0.704665
0.0807718 0.704488
0.0808034 0.704311
0.080835 0.704133
0.0808666 0.703956
0.0808983 0.703779
0.0809299 0.703602
0.0809615 0.703424
0.0809931 0.703247
0.0810248 0.70307
0.0810564 0.702892
0.081088 0.702715
0.0811196 0.702538
0.0811512 0.702361
0.0811829 0.702183
0.0812145 0.702006
0.0812461 0.701829
0.0812777 0.701652
0.0813094 0.701474
0.081341 0.701297
0.0813726 0.70112
0.0814042 0.700942
0.0814359 0.700765
0.0814675 0.700588
0.0814991 0.70041
0.0815307 0.700233
0.0815623 0.700056
0.081594 0.699879
0.0816256 0.699701
0.0816572 0.699524
0.0816888 0.699347
0.0817205 0.699169
0.0817521 0.698992
0.0817837 0.698815
0.0818153 0.698637
0.0818469 0.69846
0.0818786 0.698283
0.0819102 0.698106
0.0819418 0.697928
0.0819734 0.697751
0.0820051 0.697574
0.0820367 0.697396
0.0820683 0.697219
0.0820999 0.697042
0.0821316 0.696864
0.0821632 0.696687
0.0821948 0.69651
0.0822264 0.696332
0.082258 0.696155
0.0822897 0.695978
0.0823213 0.6958
0.0823529 0.695623
0.0823845 0.695446
0.0824162 0.695268
0.0824478 0.695091
0.0824794 0.694914
0.082511 0.694736
0.0825426 0.694559
0.0825743 0.694382
0.0826059 0.694205
0.0826375 0.694027
0.0826691 0.69385
0.0827008 0.693673
0.0827324 0.693495
0.082764 0.693318
0.0827956 0.693141
0.0828273 0.692963
0.0828589 0.692786
0.0828905 0.692609
0.0829221 0.692431
0.0829537 0.692254
0.0829854 0.692077
0.083017 0.691899
0.0830486 0.691722
0.0830802 0.691545
0.0831119 0.691367
0.0831435 0.69119
0.0831751 0.691013
0.0832067 0.690835
0.0832384 0.690658
0.08327 0.690481
0.0833016 0.690304
0.0833332 0.690126
0.0833648 0.689949
0.0833965 0.689772
0.0834281 0.689594
0.0834597 0.689417
0.0834913 0.68924
0.083523 0.689062
0.0835546 0.688885
0.0835862 0.688708
0.0836178 0.688531
0.0836494 0.688353
0.0836811 0.688176
0.0837127 0.687999
0.0837443 0.687821
0.0837759 0.687644
0.0838076 0.687467
0.0838392 0.687289
0.0838708 0.687112
0.0839024 0.686935
0.0839341 0.686758
0.0839657 0.68658
0.0839973 0.686403
0.0840289 0.686226
0.0840605 0.686049
0.0840922 0.685871
0.0841238 0.685694
0.0841554 0.685517
0.084187 0.685339
0.0842187 0.685162
0.0842503 0.684985
0.0842819 0.684808
0.0843135 0.68463
0.0843451 0.684453
0.0843768 0.684276
0.0844084 0.684099
0.08444 0.683921
0.0844716 0.683744
0.0845033 0.683567
0.0845349 0.68339
0.0845665 0.683212
0.0845981 0.683035
0.0846298 0.682858
0.0846614 0.682681
0.084693 0.682504
0.0847246 0.682326
0.0847562 0.682149
0.0847879 0.681972
0.0848195 0.681795
0.0848511 0.681617
0.0848827 0.68144
0.0849144 0.681263
0.084946 0.681086
0.0849776 0.680909
0.0850092 0.680731
0.0850408 0.680554
0.0850725 0.680377
0.0851041 0.6802
0.0851357 0.680023
0.0851673 0.679845
0.085199 0.679668
0.0852306 0.679491
0.0852622 0.679314
0.0852938 0.679137
0.0853255 0.67896
0.0853571 0.678783
0.0853887 0.678605
0.0854203 0.678428
0.0854519 0.678251
0.0854836 0.678074
0.0855152 0.677897
0.0855468 0.67772
0.0855784 0.677543
0.0856101 0.677365
0.0856417 0.677188
0.0856733 0.677011
0.0857049 0.676834
0.0857365 0.676657
0.0857682 0.67648
0.0857998 0.676303
0.0858314 0.676126
0.085863 0.675949
0.0858947 0.675771
0.0859263 0.675594
0.0859579 0.675417
0.0859895 0.67524
0.0860212 0.675063
0.0860528 0.674886
0.0860844 0.674709
0.086116 0.674532
0.0861476 0.674355
0.0861793 0.674178
0.0862109 0.674001
0.0862425 0.673824
0.0862741 0.673647
0.0863058 0.67347
0.0863374 0.673293
0.086369 0.673116
0.0864006 0.672939
0.0864323 0.672762
0.0864639 0.672585
0.0864955 0.672408
0.0865271 0.672231
0.0865587 0.672054
0.0865904 0.671877
0.086622 0.6717
0.0866536 0.671523
0.0866852 0.671346
0.0867169 0.671169
0.0867485 0.670992
0.0867801 0.670815
0.0868117 0.670638
0.0868433 0.670461
0.086875 0.670284
0.0869066 0.670107
0.0869382 0.66993
0.0869698 0.669753
0.0870015 0.669576
0.0870331 0.6694
0.0870647 0.669223
0.0870963 0.669046
0.087128 0.668869
0.0871596 0.668692
0.0871912 0.668515
0.0872228 0.668338
0.0872544 0.668161
0.0872861 0.667984
0.0873177 0.667808
0.0873493 0.667631
0.0873809 0.667454
0.0874126 0.667277
0.0874442 0.6671
0.0874758 0.666923
0.0875074 0.666747
0.087539 0.66657
0.0875707 0.666393
0.0876023 0.666216
0.0876339 0.666039
0.0876655 0.665863
0.0876972 0.665686
0.0877288 0.665509
0.0877604 0.665332
0.087792 0.665156
0.0878237 0.664979
0.0878553 0.664802
0.0878869 0.664625
0.0879185 0.664449
0.0879501 0.664272
0.0879818 0.664095
0.0880134 0.663919
0.088045 0.663742
0.0880766 0.663565
0.0881083 0.663389
0.0881399 0.663212
0.0881715 0.663035
0.0882031 0.662859
0.0882347 0.662682
0.0882664 0.662505
0.088298 0.662329
0.0883296 0.662152
0.0883612 0.661975
0.0883929 0.661799
0.0884245 0.661622
0.0884561 0.661445
0.0884877 0.661269
0.0885194 0.661092
0.088551 0.660916
0.0885826 0.660739
0.0886142 0.660563
0.0886458 0.660386
0.0886775 0.660209
0.0887091 0.660033
0.0887407 0.659856
0.0887723 0.65968
0.088804 0.659503
0.0888356 0.659327
0.0888672 0.65915
0.0888988 0.658974
0.0889305 0.658797
0.0889621 0.658621
0.0889937 0.658444
0.0890253 0.658268
0.0890569 0.658092
0.0890886 0.657915
0.0891202 0.657739
0.0891518 0.657562
0.0891834 0.657386
0.0892151 0.657209
0.0892467 0.657033
0.0892783 0.656857
0.0893099 0.65668
0.0893415 0.656504
0.0893732 0.656327
0.0894048 0.656151
0.0894364 0.655975
0.089468 0.655798
0.0894997 0.655622
0.0895313 0.655446
0.0895629 0.655269
0.0895945 0.655093
0.0896262 0.654917
0.0896578 0.654741
0.0896894 0.654564
0.089721 0.654388
0.0897526 0.654212
0.0897843 0.654036
0.0898159 0.653859
0.0898475 0.653683
0.0898791 0.653507
0.0899108 0.653331
0.0899424 0.653154
0.089974 0.652978
0.0900056 0.652802
0.0900372 0.652626
0.0900689 0.65245
0.0901005 0.652274
0.0901321 0.652097
0.0901637 0.651921
0.0901954 0.651745
0.090227 0.651569
0.0902586 0.651393
0.0902902 0.651217
0.0903219 0.651041
0.0903535 0.650865
0.0903851 0.650689
0.0904167 0.650512
0.0904483 0.650336
0.09048 0.65016
0.0905116 0.649984
0.0905432 0.649808
0.0905748 0.649632
0.0906065 0.649456
0.0906381 0.64928
0.0906697 0.649104
0.0907013 0.648928
0.0907329 0.648752
0.0907646 0.648576
0.0907962 0.648401
0.0908278 0.648225
0.0908594 0.648049
0.0908911 0.647873
0.0909227 0.647697
0.0909543 0.647521
0.0909859 0.647345
0.0910176 0.647169
0.0910492 0.646993
0.0910808 0.646818
0.0911124 0.646642
0.091144 0.646466
0.0911757 0.64629
0.0912073 0.646114
0.0912389 0.645938
0.0912705 0.645763
0.0913022 0.645587
0.0913338 0.645411
0.0913654 0.645235
0.091397 0.64506
0.0914286 0.644884
0.0914603 0.644708
0.0914919 0.644533
0.0915235 0.644357
0.0915551 0.644181
0.0915868 0.644005
0.0916184 0.64383
0.09165 0.643654
0.0916816 0.643479
0.0917133 0.643303
0.0917449 0.643127
0.0917765 0.642952
0.0918081 0.642776
0.0918397 0.642601
0.0918714 0.642425
0.091903 0.642249
0.0919346 0.642074
0.0919662 0.641898
0.0919979 0.641723
0.0920295 0.641547
0.0920611 0.641372
0.0920927 0.641196
0.0921244 0.641021
0.092156 0.640845
0.0921876 0.64067
0.0922192 0.640494
0.0922508 0.640319
0.0922825 0.640144
0.0923141 0.639968
0.0923457 0.639793
0.0923773 0.639617
0.092409 0.639442
0.0924406 0.639267
0.0924722 0.639091
0.0925038 0.638916
0.0925354 0.638741
0.0925671 0.638565
0.0925987 0.63839
0.0926303 0.638215
0.0926619 0.63804
0.0926936 0.637864
0.0927252 0.637689
0.0927568 0.637514
0.0927884 0.637339
0.0928201 0.637163
0.0928517 0.636988
0.0928833 0.636813
0.0929149 0.636638
0.0929465 0.636463
0.0929782 0.636288
0.0930098 0.636112
0.0930414 0.635937
0.093073 0.635762
0.0931047 0.635587
0.0931363 0.635412
0.0931679 0.635237
0.0931995 0.635062
0.0932311 0.634887
0.0932628 0.634712
0.0932944 0.634537
0.093326 0.634362
0.0933576 0.634187
0.0933893 0.634012
0.0934209 0.633837
0.0934525 0.633662
0.0934841 0.633487
0.0935158 0.633312
0.0935474 0.633137
0.093579 0.632962
0.0936106 0.632787
0.0936422 0.632613
0.0936739 0.632438
0.0937055 0.632263
0.0937371 0.632088
0.0937687 0.631913
0.0938004 0.631738
0.093832 0.631564
0.0938636 0.631389
0.0938952 0.631214
0.0939268 0.631039
0.0939585 0.630865
0.0939901 0.63069
0.0940217 0.630515
0.0940533 0.630341
0.094085 0.630166
0.0941166 0.629991
0.0941482 0.629817
0.0941798 0.629642
0.0942115 0.629467
0.0942431 0.629293
0.0942747 0.629118
0.0943063 0.628943
0.0943379 0.628769
0.0943696 0.628594
0.0944012 0.62842
0.0944328 0.628245
0.0944644 0.628071
0.0944961 0.627896
0.0945277 0.627722
0.0945593 0.627547
0.0945909 0.627373
0.0946226 0.627198
0.0946542 0.627024
0.0946858 0.62685
0.0947174 0.626675
0.094749 0.626501
0.0947807 0.626326
0.0948123 0.626152
0.0948439 0.625978
0.0948755 0.625803
0.0949072 0.625629
0.0949388 0.625455
0.0949704 0.625281
0.095002 0.625106
0.0950336 0.624932
0.0950653 0.624758
0.0950969 0.624584
0.0951285 0.624409
0.0951601 0.624235
0.0951918 0.624061
0.0952234 0.623887
0.095255 0.623713
0.0952866 0.623539
0.0953183 0.623365
0.0953499 0.62319
0.0953815 0.623016
0.0954131 0.622842
0.0954447 0.622668
0.0954764 0.622494
0.095508 0.62232
0.0955396 0.622146
0.0955712 0.621972
0.0956029 0.621798
0.0956345 0.621624
0.0956661 0.62145
0.0956977 0.621276
0.0957293 0.621103
0.095761 0.620929
0.0957926 0.620755
0.0958242 0.620581
0.0958558 0.620407
0.0958875 0.620233
0.0959191 0.620059
0.0959507 0.619886
0.0959823 0.619712
0.096014 0.619538
0.0960456 0.619364
0.0960772 0.619191
0.0961088 0.619017
0.0961404 0.618843
0.0961721 0.618669
0.0962037 0.618496
0.0962353 0.618322
0.0962669 0.618148
0.0962986 0.617975
0.0963302 0.617801
0.0963618 0.617628
0.0963934 0.617454
0.096425 0.61728
0.0964567 0.617107
0.0964883 0.616933
0.0965199 0.61676
0.0965515 0.616586
0.0965832 0.616413
0.0966148 0.616239
0.0966464 0.616066
0.096678 0.615893
0.0967097 0.615719
0.0967413 0.615546
0.0967729 0.615372
0.0968045 0.615199
0.0968361 0.615026
0.0968678 0.614852
0.0968994 0.614679
0.096931 0.614506
0.0969626 0.614332
0.0969943 0.614159
0.0970259 0.613986
0.0970575 0.613813
0.0970891 0.613639
0.0971207 0.613466
0.0971524 0.613293
0.097184 0.61312
0.0972156 0.612947
0.0972472 0.612774
0.0972789 0.612601
0.0973105 0.612427
0.0973421 0.612254
0.0973737 0.612081
0.0974054 0.611908
0.097437 0.611735
0.0974686 0.611562
0.0975002 0.611389
0.0975318 0.611216
0.0975635 0.611043
0.0975951 0.61087
0.0976267 0.610697
0.0976583 0.610525
0.09769 0.610352
0.0977216 0.610179
0.0977532 0.610006
0.0977848 0.609833
0.0978165 0.60966
0.0978481 0.609488
0.0978797 0.609315
0.0979113 0.609142
0.0979429 0.608969
0.0979746 0.608797
0.0980062 0.608624
0.0980378 0.608451
0.0980694 0.608278
0.0981011 0.608106
0.0981327 0.607933
0.0981643 0.607761
0.0981959 0.607588
0.0982275 0.607415
0.0982592 0.607243
0.0982908 0.60707
0.0983224 0.606898
0.098354 0.606725
0.0983857 0.606553
0.0984173 0.60638
0.0984489 0.606208
0.0984805 0.606035
0.0985122 0.605863
0.0985438 0.60569
0.0985754 0.605518
0.098607 0.605346
0.0986386 0.605173
0.0986703 0.605001
0.0987019 0.604829
0.0987335 0.604656
0.0987651 0.604484
0.0987968 0.604312
0.0988284 0.60414
0.09886 0.603967
0.0988916 0.603795
0.0989232 0.603623
0.0989549 0.603451
0.0989865 0.603279
0.0990181 0.603107
0.0990497 0.602935
0.0990814 0.602762
0.099113 0.60259
0.0991446 0.602418
0.0991762 0.602246
0.0992079 0.602074
0.0992395 0.601902
0.0992711 0.60173
0.0993027 0.601558
0.0993343 0.601386
0.099366 0.601214
0.0993976 0.601043
0.0994292 0.600871
0.0994608 0.600699
0.0994925 0.600527
0.0995241 0.600355
0.0995557 0.600183
0.0995873 0.600012
0.0996189 0.59984
0.0996506 0.599668
0.0996822 0.599496
0.0997138 0.599325
0.0997454 0.599153
0.0997771 0.598981
0.0998087 0.59881
0.0998403 0.598638
0.0998719 0.598466
0.0999036 0.598295
0.0999352 0.598123
0.0999668 0.597952
0.0999984 0.59778
0.10003 0.597609
0.100062 0.597437
0.100093 0.597266
0.100125 0.597094
0.100157 0.596923
0.100188 0.596751
0.10022 0.59658
0.100251 0.596409
0.100283 0.596237
0.100315 0.596066
0.100346 0.595895
0.100378 0.595723
0.10041 0.595552
0.100441 0.595381
0.100473 0.59521
0.100504 0.595038
0.100536 0.594867
0.100568 0.594696
0.100599 0.594525
0.100631 0.594354
0.100663 0.594183
0.100694 0.594011
0.100726 0.59384
0.100757 0.593669
0.100789 0.593498
0.100821 0.593327
0.100852 0.593156
0.100884 0.592985
0.100915 0.592814
0.100947 0.592643
0.100979 0.592472
0.10101 0.592302
0.101042 0.592131
0.101074 0.59196
0.101105 0.591789
0.101137 0.591618
0.101168 0.591447
0.1012 0.591277
0.101232 0.591106
0.101263 0.590935
0.101295 0.590764
0.101327 0.590594
0.101358 0.590423
0.10139 0.590252
0.101421 0.590082
0.101453 0.589911
0.101485 0.589741
0.101516 0.58957
0.101548 0.5894
0.10158 0.589229
0.101611 0.589059
0.101643 0.588888
0.101674 0.588718
0.101706 0.588547
0.101738 0.588377
0.101769 0.588206
0.101801 0.588036
0.101833 0.587866
0.101864 0.587695
0.101896 0.587525
0.101927 0.587355
0.101959 0.587184
0.101991 0.587014
0.102022 0.586844
0.102054 0.586674
0.102086 0.586504
0.102117 0.586333
0.102149 0.586163
0.10218 0.585993
0.102212 0.585823
0.102244 0.585653
0.102275 0.585483
0.102307 0.585313
0.102339 0.585143
0.10237 0.584973
0.102402 0.584803
0.102433 0.584633
0.102465 0.584463
0.102497 0.584293
0.102528 0.584123
0.10256 0.583953
0.102591 0.583784
0.102623 0.583614
0.102655 0.583444
0.102686 0.583274
0.102718 0.583104
0.10275 0.582935
0.102781 0.582765
0.102813 0.582595
0.102844 0.582426
0.102876 0.582256
0.102908 0.582086
0.102939 0.581917
0.102971 0.581747
0.103003 0.581578
0.103034 0.581408
0.103066 0.581239
0.103097 0.581069
0.103129 0.5809
0.103161 0.58073
0.103192 0.580561
0.103224 0.580391
0.103256 0.580222
0.103287 0.580053
0.103319 0.579883
0.10335 0.579714
0.103382 0.579545
0.103414 0.579375
0.103445 0.579206
0.103477 0.579037
0.103509 0.578868
0.10354 0.578699
0.103572 0.578529
0.103603 0.57836
0.103635 0.578191
0.103667 0.578022
0.103698 0.577853
0.10373 0.577684
0.103762 0.577515
0.103793 0.577346
0.103825 0.577177
0.103856 0.577008
0.103888 0.576839
0.10392 0.57667
0.103951 0.576501
0.103983 0.576333
0.104015 0.576164
0.104046 0.575995
0.104078 0.575826
0.104109 0.575657
0.104141 0.575489
0.104173 0.57532
0.104204 0.575151
0.104236 0.574983
0.104267 0.574814
0.104299 0.574645
0.104331 0.574477
0.104362 0.574308
0.104394 0.57414
0.104426 0.573971
0.104457 0.573802
0.104489 0.573634
0.10452 0.573466
0.104552 0.573297
0.104584 0.573129
0.104615 0.57296
0.104647 0.572792
0.104679 0.572624
0.10471 0.572455
0.104742 0.572287
0.104773 0.572119
0.104805 0.57195
0.104837 0.571782
0.104868 0.571614
0.1049 0.571446
0.104932 0.571278
0.104963 0.571109
0.104995 0.570941
0.105026 0.570773
0.105058 0.570605
0.10509 0.570437
0.105121 0.570269
0.105153 0.570101
0.105185 0.569933
0.105216 0.569765
0.105248 0.569597
0.105279 0.569429
0.105311 0.569262
0.105343 0.569094
0.105374 0.568926
0.105406 0.568758
0.105438 0.56859
0.105469 0.568422
0.105501 0.568255
0.105532 0.568087
0.105564 0.567919
0.105596 0.567752
0.105627 0.567584
0.105659 0.567416
0.105691 0.567249
0.105722 0.567081
0.105754 0.566914
0.105785 0.566746
0.105817 0.566579
0.105849 0.566411
0.10588 0.566244
0.105912 0.566076
0.105944 0.565909
0.105975 0.565742
0.106007 0.565574
0.106038 0.565407
0.10607 0.56524
0.106102 0.565072
0.106133 0.564905
0.106165 0.564738
0.106196 0.564571
0.106228 0.564404
0.10626 0.564236
0.106291 0.564069
0.106323 0.563902
0.106355 0.563735
0.106386 0.563568
0.106418 0.563401
0.106449 0.563234
0.106481 0.563067
0.106513 0.5629
0.106544 0.562733
0.106576 0.562566
0.106608 0.562399
0.106639 0.562233
0.106671 0.562066
0.106702 0.561899
0.106734 0.561732
0.106766 0.561565
0.106797 0.561399
0.106829 0.561232
0.106861 0.561065
0.106892 0.560899
0.106924 0.560732
0.106955 0.560565
0.106987 0.560399
0.107019 0.560232
0.10705 0.560066
0.107082 0.559899
0.107114 0.559733
0.107145 0.559566
0.107177 0.5594
0.107208 0.559233
0.10724 0.559067
0.107272 0.558901
0.107303 0.558734
0.107335 0.558568
0.107367 0.558402
0.107398 0.558235
0.10743 0.558069
0.107461 0.557903
0.107493 0.557737
0.107525 0.557571
0.107556 0.557405
0.107588 0.557238
0.10762 0.557072
0.107651 0.556906
0.107683 0.55674
0.107714 0.556574
0.107746 0.556408
0.107778 0.556242
0.107809 0.556076
0.107841 0.555911
0.107872 0.555745
0.107904 0.555579
0.107936 0.555413
0.107967 0.555247
0.107999 0.555081
0.108031 0.554916
0.108062 0.55475
0.108094 0.554584
0.108125 0.554419
0.108157 0.554253
0.108189 0.554087
0.10822 0.553922
0.108252 0.553756
0.108284 0.553591
0.108315 0.553425
0.108347 0.55326
0.108378 0.553094
0.10841 0.552929
0.108442 0.552763
0.108473 0.552598
0.108505 0.552433
0.108537 0.552267
0.108568 0.552102
0.1086 0.551937
0.108631 0.551771
0.108663 0.551606
0.108695 0.551441
0.108726 0.551276
0.108758 0.551111
0.10879 0.550946
0.108821 0.550781
0.108853 0.550615
0.108884 0.55045
0.108916 0.550285
0.108948 0.55012
0.108979 0.549955
0.109011 0.549791
0.109043 0.549626
0.109074 0.549461
0.109106 0.549296
0.109137 0.549131
0.109169 0.548966
0.109201 0.548801
0.109232 0.548637
0.109264 0.548472
0.109296 0.548307
0.109327 0.548143
0.109359 0.547978
0.10939 0.547813
0.109422 0.547649
0.109454 0.547484
0.109485 0.54732
0.109517 0.547155
0.109549 0.546991
0.10958 0.546826
0.109612 0.546662
0.109643 0.546497
0.109675 0.546333
0.109707 0.546169
0.109738 0.546004
0.10977 0.54584
0.109801 0.545676
0.109833 0.545511
0.109865 0.545347
0.109896 0.545183
0.109928 0.545019
0.10996 0.544855
0.109991 0.544691
0.110023 0.544527
0.110054 0.544362
0.110086 0.544198
0.110118 0.544034
0.110149 0.54387
0.110181 0.543707
0.110213 0.543543
0.110244 0.543379
0.110276 0.543215
0.110307 0.543051
0.110339 0.542887
0.110371 0.542723
0.110402 0.54256
0.110434 0.542396
0.110466 0.542232
0.110497 0.542069
0.110529 0.541905
0.11056 0.541741
0.110592 0.541578
0.110624 0.541414
0.110655 0.541251
0.110687 0.541087
0.110719 0.540924
0.11075 0.54076
0.110782 0.540597
0.110813 0.540433
0.110845 0.54027
0.110877 0.540107
0.110908 0.539943
0.11094 0.53978
0.110972 0.539617
0.111003 0.539453
0.111035 0.53929
0.111066 0.539127
0.111098 0.538964
0.11113 0.538801
0.111161 0.538638
0.111193 0.538475
0.111225 0.538312
0.111256 0.538149
0.111288 0.537986
0.111319 0.537823
0.111351 0.53766
0.111383 0.537497
0.111414 0.537334
0.111446 0.537171
0.111477 0.537008
0.111509 0.536845
0.111541 0.536683
0.111572 0.53652
0.111604 0.536357
0.111636 0.536194
0.111667 0.536032
0.111699 0.535869
0.11173 0.535707
0.111762 0.535544
0.111794 0.535382
0.111825 0.535219
0.111857 0.535057
0.111889 0.534894
0.11192 0.534732
0.111952 0.534569
0.111983 0.534407
0.112015 0.534244
0.112047 0.534082
0.112078 0.53392
0.11211 0.533758
0.112142 0.533595
0.112173 0.533433
0.112205 0.533271
0.112236 0.533109
0.112268 0.532947
0.1123 0.532785
0.112331 0.532623
0.112363 0.532461
0.112395 0.532299
0.112426 0.532137
0.112458 0.531975
0.112489 0.531813
0.112521 0.531651
0.112553 0.531489
0.112584 0.531327
0.112616 0.531165
0.112648 0.531004
0.112679 0.530842
0.112711 0.53068
0.112742 0.530518
0.112774 0.530357
0.112806 0.530195
0.112837 0.530033
0.112869 0.529872
0.112901 0.52971
0.112932 0.529549
0.112964 0.529387
0.112995 0.529226
0.113027 0.529064
0.113059 0.528903
0.11309 0.528742
0.113122 0.52858
0.113153 0.528419
0.113185 0.528258
0.113217 0.528096
0.113248 0.527935
0.11328 0.527774
0.113312 0.527613
0.113343 0.527452
0.113375 0.52729
0.113406 0.527129
0.113438 0.526968
0.11347 0.526807
0.113501 0.526646
0.113533 0.526485
0.113565 0.526324
0.113596 0.526163
0.113628 0.526003
0.113659 0.525842
0.113691 0.525681
0.113723 0.52552
0.113754 0.525359
0.113786 0.525199
0.113818 0.525038
0.113849 0.524877
0.113881 0.524717
0.113912 0.524556
0.113944 0.524395
0.113976 0.524235
0.114007 0.524074
0.114039 0.523914
0.114071 0.523753
0.114102 0.523593
0.114134 0.523432
0.114165 0.523272
0.114197 0.523112
0.114229 0.522951
0.11426 0.522791
0.114292 0.522631
0.114324 0.52247
0.114355 0.52231
0.114387 0.52215
0.114418 0.52199
0.11445 0.52183
0.114482 0.52167
0.114513 0.52151
0.114545 0.52135
0.114577 0.521189
0.114608 0.52103
0.11464 0.52087
0.114671 0.52071
0.114703 0.52055
0.114735 0.52039
0.114766 0.52023
0.114798 0.52007
0.11483 0.51991
0.114861 0.519751
0.114893 0.519591
0.114924 0.519431
0.114956 0.519272
0.114988 0.519112
0.115019 0.518952
0.115051 0.518793
0.115082 0.518633
0.115114 0.518474
0.115146 0.518314
0.115177 0.518155
0.115209 0.517996
0.115241 0.517836
0.115272 0.517677
0.115304 0.517517
0.115335 0.517358
0.115367 0.517199
0.115399 0.51704
0.11543 0.51688
0.115462 0.516721
0.115494 0.516562
0.115525 0.516403
0.115557 0.516244
0.115588 0.516085
0.11562 0.515926
0.115652 0.515767
0.115683 0.515608
0.115715 0.515449
0.115747 0.51529
0.115778 0.515131
0.11581 0.514972
0.115841 0.514813
0.115873 0.514655
0.115905 0.514496
0.115936 0.514337
0.115968 0.514178
0.116 0.51402
0.116031 0.513861
0.116063 0.513703
0.116094 0.513544
0.116126 0.513385
0.116158 0.513227
0.116189 0.513068
0.116221 0.51291
0.116253 0.512752
0.116284 0.512593
0.116316 0.512435
0.116347 0.512276
0.116379 0.512118
0.116411 0.51196
0.116442 0.511802
0.116474 0.511643
0.116506 0.511485
0.116537 0.511327
0.116569 0.511169
0.1166 0.511011
0.116632 0.510853
0.116664 0.510695
0.116695 0.510537
0.116727 0.510379
0.116758 0.510221
0.11679 0.510063
0.116822 0.509905
0.116853 0.509747
0.116885 0.509589
0.116917 0.509432
0.116948 0.509274
0.11698 0.509116
0.117011 0.508959
0.117043 0.508801
0.117075 0.508643
0.117106 0.508486
0.117138 0.508328
0.11717 0.508171
0.117201 0.508013
0.117233 0.507856
0.117264 0.507698
0.117296 0.507541
0.117328 0.507383
0.117359 0.507226
0.117391 0.507069
0.117423 0.506911
0.117454 0.506754
0.117486 0.506597
0.117517 0.50644
0.117549 0.506282
0.117581 0.506125
0.117612 0.505968
0.117644 0.505811
0.117676 0.505654
0.117707 0.505497
0.117739 0.50534
0.11777 0.505183
0.117802 0.505026
0.117834 0.504869
0.117865 0.504712
0.117897 0.504556
0.117929 0.504399
0.11796 0.504242
0.117992 0.504085
0.118023 0.503929
0.118055 0.503772
0.118087 0.503615
0.118118 0.503459
0.11815 0.503302
0.118182 0.503146
0.118213 0.502989
0.118245 0.502833
0.118276 0.502676
0.118308 0.50252
0.11834 0.502363
0.118371 0.502207
0.118403 0.502051
0.118435 0.501894
0.118466 0.501738
0.118498 0.501582
0.118529 0.501426
0.118561 0.501269
0.118593 0.501113
0.118624 0.500957
0.118656 0.500801
0.118687 0.500645
0.118719 0.500489
0.118751 0.500333
0.118782 0.500177
0.118814 0.500021
0.118846 0.499865
0.118877 0.499709
0.118909 0.499554
0.11894 0.499398
0.118972 0.499242
0.119004 0.499086
0.119035 0.498931
0.119067 0.498775
0.119099 0.498619
0.11913 0.498464
0.119162 0.498308
0.119193 0.498153
0.119225 0.497997
0.119257 0.497842
0.119288 0.497686
0.11932 0.497531
0.119352 0.497375
0.119383 0.49722
0.119415 0.497065
0.119446 0.496909
0.119478 0.496754
0.11951 0.496599
0.119541 0.496444
0.119573 0.496288
0.119605 0.496133
0.119636 0.495978
0.119668 0.495823
0.119699 0.495668
0.119731 0.495513
0.119763 0.495358
0.119794 0.495203
0.119826 0.495048
0.119858 0.494893
0.119889 0.494739
0.119921 0.494584
0.119952 0.494429
0.119984 0.494274
0.120016 0.494119
0.120047 0.493965
0.120079 0.49381
0.120111 0.493655
0.120142 0.493501
0.120174 0.493346
0.120205 0.493192
0.120237 0.493037
0.120269 0.492883
0.1203 0.492728
0.120332 0.492574
0.120363 0.49242
0.120395 0.492265
0.120427 0.492111
0.120458 0.491957
0.12049 0.491802
0.120522 0.491648
0.120553 0.491494
0.120585 0.49134
0.120616 0.491186
0.120648 0.491032
0.12068 0.490878
0.120711 0.490724
0.120743 0.49057
0.120775 0.490416
0.120806 0.490262
0.120838 0.490108
0.120869 0.489954
0.120901 0.4898
0.120933 0.489646
0.120964 0.489493
0.120996 0.489339
0.121028 0.489185
0.121059 0.489032
0.121091 0.488878
0.121122 0.488724
0.121154 0.488571
0.121186 0.488417
0.121217 0.488264
0.121249 0.48811
0.121281 0.487957
0.121312 0.487803
0.121344 0.48765
0.121375 0.487497
0.121407 0.487343
0.121439 0.48719
0.12147 0.487037
0.121502 0.486884
0.121534 0.486731
0.121565 0.486577
0.121597 0.486424
0.121628 0.486271
0.12166 0.486118
0.121692 0.485965
0.121723 0.485812
0.121755 0.485659
0.121787 0.485506
0.121818 0.485353
0.12185 0.485201
0.121881 0.485048
0.121913 0.484895
0.121945 0.484742
0.121976 0.484589
0.122008 0.484437
0.122039 0.484284
0.122071 0.484132
0.122103 0.483979
0.122134 0.483826
0.122166 0.483674
0.122198 0.483521
0.122229 0.483369
0.122261 0.483216
0.122292 0.483064
0.122324 0.482912
0.122356 0.482759
0.122387 0.482607
0.122419 0.482455
0.122451 0.482303
0.122482 0.48215
0.122514 0.481998
0.122545 0.481846
0.122577 0.481694
0.122609 0.481542
0.12264 0.48139
0.122672 0.481238
0.122704 0.481086
0.122735 0.480934
0.122767 0.480782
0.122798 0.48063
0.12283 0.480478
0.122862 0.480327
0.122893 0.480175
0.122925 0.480023
0.122957 0.479871
0.122988 0.47972
0.12302 0.479568
0.123051 0.479416
0.123083 0.479265
0.123115 0.479113
0.123146 0.478962
0.123178 0.47881
0.12321 0.478659
0.123241 0.478507
0.123273 0.478356
0.123304 0.478205
0.123336 0.478053
0.123368 0.477902
0.123399 0.477751
0.123431 0.4776
0.123463 0.477449
0.123494 0.477297
0.123526 0.477146
0.123557 0.476995
0.123589 0.476844
0.123621 0.476693
0.123652 0.476542
0.123684 0.476391
0.123716 0.47624
0.123747 0.476089
0.123779 0.475939
0.12381 0.475788
0.123842 0.475637
0.123874 0.475486
0.123905 0.475335
0.123937 0.475185
0.123968 0.475034
0.124 0.474884
0.124032 0.474733
0.124063 0.474582
0.124095 0.474432
0.124127 0.474281
0.124158 0.474131
0.12419 0.473981
0.124221 0.47383
0.124253 0.47368
0.124285 0.47353
0.124316 0.473379
0.124348 0.473229
0.12438 0.473079
0.124411 0.472929
0.124443 0.472778
0.124474 0.472628
0.124506 0.472478
0.124538 0.472328
0.124569 0.472178
0.124601 0.472028
0.124633 0.471878
0.124664 0.471728
0.124696 0.471578
0.124727 0.471429
0.124759 0.471279
0.124791 0.471129
0.124822 0.470979
0.124854 0.47083
0.124886 0.47068
0.124917 0.47053
0.124949 0.470381
0.12498 0.470231
0.125012 0.470081
0.125044 0.469932
0.125075 0.469782
0.125107 0.469633
0.125139 0.469484
0.12517 0.469334
0.125202 0.469185
0.125233 0.469036
0.125265 0.468886
0.125297 0.468737
0.125328 0.468588
0.12536 0.468439
0.125392 0.46829
0.125423 0.46814
0.125455 0.467991
0.125486 0.467842
0.125518 0.467693
0.12555 0.467544
0.125581 0.467395
0.125613 0.467246
0.125644 0.467098
0.125676 0.466949
0.125708 0.4668
0.125739 0.466651
0.125771 0.466502
0.125803 0.466354
0.125834 0.466205
0.125866 0.466056
0.125897 0.465908
0.125929 0.465759
0.125961 0.465611
0.125992 0.465462
0.126024 0.465314
0.126056 0.465165
0.126087 0.465017
0.126119 0.464868
0.12615 0.46472
0.126182 0.464572
0.126214 0.464424
0.126245 0.464275
0.126277 0.464127
0.126309 0.463979
0.12634 0.463831
0.126372 0.463683
0.126403 0.463535
0.126435 0.463387
0.126467 0.463239
0.126498 0.463091
0.12653 0.462943
0.126562 0.462795
0.126593 0.462647
0.126625 0.462499
0.126656 0.462351
0.126688 0.462204
0.12672 0.462056
0.126751 0.461908
0.126783 0.461761
0.126815 0.461613
0.126846 0.461465
0.126878 0.461318
0.126909 0.46117
0.126941 0.461023
0.126973 0.460875
0.127004 0.460728
0.127036 0.460581
0.127068 0.460433
0.127099 0.460286
0.127131 0.460139
0.127162 0.459991
0.127194 0.459844
0.127226 0.459697
0.127257 0.45955
0.127289 0.459403
0.127321 0.459256
0.127352 0.459109
0.127384 0.458962
0.127415 0.458815
0.127447 0.458668
0.127479 0.458521
0.12751 0.458374
0.127542 0.458227
0.127573 0.45808
0.127605 0.457933
0.127637 0.457787
0.127668 0.45764
0.1277 0.457493
0.127732 0.457347
0.127763 0.4572
0.127795 0.457054
0.127826 0.456907
0.127858 0.456761
0.12789 0.456614
0.127921 0.456468
0.127953 0.456321
0.127985 0.456175
0.128016 0.456029
0.128048 0.455882
0.128079 0.455736
0.128111 0.45559
0.128143 0.455444
0.128174 0.455297
0.128206 0.455151
0.128238 0.455005
0.128269 0.454859
0.128301 0.454713
0.128332 0.454567
0.128364 0.454421
0.128396 0.454275
0.128427 0.454129
0.128459 0.453984
0.128491 0.453838
0.128522 0.453692
0.128554 0.453546
0.128585 0.453401
0.128617 0.453255
0.128649 0.453109
0.12868 0.452964
0.128712 0.452818
0.128744 0.452673
0.128775 0.452527
0.128807 0.452382
0.128838 0.452236
0.12887 0.452091
0.128902 0.451945
0.128933 0.4518
0.128965 0.451655
0.128997 0.451509
0.129028 0.451364
0.12906 0.451219
0.129091 0.451074
0.129123 0.450929
0.129155 0.450784
0.129186 0.450639
0.129218 0.450494
0.129249 0.450349
0.129281 0.450204
0.129313 0.450059
0.129344 0.449914
0.129376 0.449769
0.129408 0.449624
0.129439 0.449479
0.129471 0.449335
0.129502 0.44919
0.129534 0.449045
0.129566 0.448901
0.129597 0.448756
0.129629 0.448611
0.129661 0.448467
0.129692 0.448322
0.129724 0.448178
0.129755 0.448034
0.129787 0.447889
0.129819 0.447745
0.12985 0.4476
0.129882 0.447456
0.129914 0.447312
0.129945 0.447168
0.129977 0.447024
0.130008 0.446879
0.13004 0.446735
0.130072 0.446591
0.130103 0.446447
0.130135 0.446303
0.130167 0.446159
0.130198 0.446015
0.13023 0.445871
0.130261 0.445727
0.130293 0.445584
0.130325 0.44544
0.130356 0.445296
0.130388 0.445152
0.13042 0.445009
0.130451 0.444865
0.130483 0.444721
0.130514 0.444578
0.130546 0.444434
0.130578 0.444291
0.130609 0.444147
0.130641 0.444004
0.130673 0.44386
0.130704 0.443717
0.130736 0.443573
0.130767 0.44343
0.130799 0.443287
0.130831 0.443144
0.130862 0.443
0.130894 0.442857
0.130925 0.442714
0.130957 0.442571
0.130989 0.442428
0.13102 0.442285
0.131052 0.442142
0.131084 0.441999
0.131115 0.441856
0.131147 0.441713
0.131178 0.44157
0.13121 0.441427
0.131242 0.441284
0.131273 0.441142
0.131305 0.440999
0.131337 0.440856
0.131368 0.440714
0.1314 0.440571
0.131431 0.440428
0.131463 0.440286
0.131495 0.440143
0.131526 0.440001
0.131558 0.439858
0.13159 0.439716
0.131621 0.439574
0.131653 0.439431
0.131684 0.439289
0.131716 0.439147
0.131748 0.439004
0.131779 0.438862
0.131811 0.43872
0.131843 0.438578
0.131874 0.438436
0.131906 0.438294
0.131937 0.438152
0.131969 0.43801
0.132001 0.437868
0.132032 0.437726
0.132064 0.437584
0.132096 0.437442
0.132127 0.4373
0.132159 0.437159
0.13219 0.437017
0.132222 0.436875
0.132254 0.436733
0.132285 0.436592
0.132317 0.43645
0.132349 0.436309
0.13238 0.436167
0.132412 0.436026
0.132443 0.435884
0.132475 0.435743
0.132507 0.435601
0.132538 0.43546
0.13257 0.435319
0.132602 0.435177
0.132633 0.435036
0.132665 0.434895
0.132696 0.434754
0.132728 0.434612
0.13276 0.434471
0.132791 0.43433
0.132823 0.434189
0.132854 0.434048
0.132886 0.433907
0.132918 0.433766
0.132949 0.433625
0.132981 0.433484
0.133013 0.433344
0.133044 0.433203
0.133076 0.433062
0.133107 0.432921
0.133139 0.432781
0.133171 0.43264
0.133202 0.432499
0.133234 0.432359
0.133266 0.432218
0.133297 0.432078
0.133329 0.431937
0.13336 0.431797
0.133392 0.431656
0.133424 0.431516
0.133455 0.431376
0.133487 0.431235
0.133519 0.431095
0.13355 0.430955
0.133582 0.430815
0.133613 0.430674
0.133645 0.430534
0.133677 0.430394
0.133708 0.430254
0.13374 0.430114
0.133772 0.429974
0.133803 0.429834
0.133835 0.429694
0.133866 0.429554
0.133898 0.429415
0.13393 0.429275
0.133961 0.429135
0.133993 0.428995
0.134025 0.428855
0.134056 0.428716
0.134088 0.428576
0.134119 0.428437
0.134151 0.428297
0.134183 0.428157
0.134214 0.428018
0.134246 0.427878
0.134278 0.427739
0.134309 0.4276
0.134341 0.42746
0.134372 0.427321
0.134404 0.427182
0.134436 0.427042
0.134467 0.426903
0.134499 0.426764
0.13453 0.426625
0.134562 0.426486
0.134594 0.426347
0.134625 0.426208
0.134657 0.426069
0.134689 0.42593
0.13472 0.425791
0.134752 0.425652
0.134783 0.425513
0.134815 0.425374
0.134847 0.425235
0.134878 0.425097
0.13491 0.424958
0.134942 0.424819
0.134973 0.424681
0.135005 0.424542
0.135036 0.424403
0.135068 0.424265
0.1351 0.424126
0.135131 0.423988
0.135163 0.423849
0.135195 0.423711
0.135226 0.423573
0.135258 0.423434
0.135289 0.423296
0.135321 0.423158
0.135353 0.42302
0.135384 0.422881
0.135416 0.422743
0.135448 0.422605
0.135479 0.422467
0.135511 0.422329
0.135542 0.422191
0.135574 0.422053
0.135606 0.421915
0.135637 0.421777
0.135669 0.421639
0.135701 0.421501
0.135732 0.421364
0.135764 0.421226
0.135795 0.421088
0.135827 0.420951
0.135859 0.420813
0.13589 0.420675
0.135922 0.420538
0.135954 0.4204
0.135985 0.420263
0.136017 0.420125
0.136048 0.419988
0.13608 0.41985
0.136112 0.419713
0.136143 0.419576
0.136175 0.419438
0.136207 0.419301
0.136238 0.419164
0.13627 0.419027
0.136301 0.418889
0.136333 0.418752
0.136365 0.418615
0.136396 0.418478
0.136428 0.418341
0.136459 0.418204
0.136491 0.418067
0.136523 0.41793
0.136554 0.417793
0.136586 0.417657
0.136618 0.41752
0.136649 0.417383
0.136681 0.417246
0.136712 0.41711
0.136744 0.416973
0.136776 0.416836
0.136807 0.4167
0.136839 0.416563
0.136871 0.416427
0.136902 0.41629
0.136934 0.416154
0.136965 0.416017
0.136997 0.415881
0.137029 0.415745
0.13706 0.415608
0.137092 0.415472
0.137124 0.415336
0.137155 0.4152
0.137187 0.415063
0.137218 0.414927
0.13725 0.414791
0.137282 0.414655
0.137313 0.414519
0.137345 0.414383
0.137377 0.414247
0.137408 0.414111
0.13744 0.413975
0.137471 0.41384
0.137503 0.413704
0.137535 0.413568
0.137566 0.413432
0.137598 0.413297
0.13763 0.413161
0.137661 0.413025
0.137693 0.41289
0.137724 0.412754
0.137756 0.412619
0.137788 0.412483
0.137819 0.412348
0.137851 0.412212
0.137883 0.412077
0.137914 0.411941
0.137946 0.411806
0.137977 0.411671
0.138009 0.411536
0.138041 0.4114
0.138072 0.411265
0.138104 0.41113
0.138135 0.410995
0.138167 0.41086
0.138199 0.410725
0.13823 0.41059
0.138262 0.410455
0.138294 0.41032
0.138325 0.410185
0.138357 0.41005
0.138388 0.409916
0.13842 0.409781
0.138452 0.409646
0.138483 0.409511
0.138515 0.409377
0.138547 0.409242
0.138578 0.409108
0.13861 0.408973
0.138641 0.408838
0.138673 0.408704
0.138705 0.408569
0.138736 0.408435
0.138768 0.408301
0.1388 0.408166
0.138831 0.408032
0.138863 0.407898
0.138894 0.407764
0.138926 0.407629
0.138958 0.407495
0.138989 0.407361
0.139021 0.407227
0.139053 0.407093
0.139084 0.406959
0.139116 0.406825
0.139147 0.406691
0.139179 0.406557
0.139211 0.406423
0.139242 0.406289
0.139274 0.406155
0.139306 0.406022
0.139337 0.405888
0.139369 0.405754
0.1394 0.405621
0.139432 0.405487
0.139464 0.405353
0.139495 0.40522
0.139527 0.405086
0.139559 0.404953
0.13959 0.404819
0.139622 0.404686
0.139653 0.404553
0.139685 0.404419
0.139717 0.404286
0.139748 0.404153
0.13978 0.404019
0.139811 0.403886
0.139843 0.403753
0.139875 0.40362
0.139906 0.403487
0.139938 0.403354
0.13997 0.403221
0.140001 0.403088
0.140033 0.402955
0.140064 0.402822
0.140096 0.402689
0.140128 0.402556
0.140159 0.402423
0.140191 0.402291
0.140223 0.402158
0.140254 0.402025
0.140286 0.401892
0.140317 0.40176
0.140349 0.401627
0.140381 0.401495
0.140412 0.401362
0.140444 0.40123
0.140476 0.401097
0.140507 0.400965
0.140539 0.400832
0.14057 0.4007
0.140602 0.400568
0.140634 0.400436
0.140665 0.400303
0.140697 0.400171
0.140729 0.400039
0.14076 0.399907
0.140792 0.399775
0.140823 0.399643
0.140855 0.399511
0.140887 0.399379
0.140918 0.399247
0.14095 0.399115
0.140982 0.398983
0.141013 0.398851
0.141045 0.398719
0.141076 0.398587
0.141108 0.398456
0.14114 0.398324
0.141171 0.398192
0.141203 0.398061
0.141235 0.397929
0.141266 0.397798
0.141298 0.397666
0.141329 0.397535
0.141361 0.397403
0.141393 0.397272
0.141424 0.39714
0.141456 0.397009
0.141488 0.396878
0.141519 0.396746
0.141551 0.396615
0.141582 0.396484
0.141614 0.396353
0.141646 0.396222
0.141677 0.396091
0.141709 0.39596
0.14174 0.395829
0.141772 0.395698
0.141804 0.395567
0.141835 0.395436
0.141867 0.395305
0.141899 0.395174
0.14193 0.395043
0.141962 0.394912
0.141993 0.394782
0.142025 0.394651
0.142057 0.39452
0.142088 0.39439
0.14212 0.394259
0.142152 0.394129
0.142183 0.393998
0.142215 0.393868
0.142246 0.393737
0.142278 0.393607
0.14231 0.393476
0.142341 0.393346
0.142373 0.393216
0.142405 0.393085
0.142436 0.392955
0.142468 0.392825
0.142499 0.392695
0.142531 0.392565
0.142563 0.392435
0.142594 0.392305
0.142626 0.392175
0.142658 0.392045
0.142689 0.391915
0.142721 0.391785
0.142752 0.391655
0.142784 0.391525
0.142816 0.391395
0.142847 0.391265
0.142879 0.391136
0.142911 0.391006
0.142942 0.390876
0.142974 0.390747
0.143005 0.390617
0.143037 0.390488
0.143069 0.390358
0.1431 0.390229
0.143132 0.390099
0.143164 0.38997
0.143195 0.38984
0.143227 0.389711
0.143258 0.389582
0.14329 0.389453
0.143322 0.389323
0.143353 0.389194
0.143385 0.389065
0.143416 0.388936
0.143448 0.388807
0.14348 0.388678
0.143511 0.388549
0.143543 0.38842
0.143575 0.388291
0.143606 0.388162
0.143638 0.388033
0.143669 0.387904
0.143701 0.387775
0.143733 0.387647
0.143764 0.387518
0.143796 0.387389
0.143828 0.387261
0.143859 0.387132
0.143891 0.387003
0.143922 0.386875
0.143954 0.386746
0.143986 0.386618
0.144017 0.386489
0.144049 0.386361
0.144081 0.386233
0.144112 0.386104
0.144144 0.385976
0.144175 0.385848
0.144207 0.385719
0.144239 0.385591
0.14427 0.385463
0.144302 0.385335
0.144334 0.385207
0.144365 0.385079
0.144397 0.384951
0.144428 0.384823
0.14446 0.384695
0.144492 0.384567
0.144523 0.384439
0.144555 0.384311
0.144587 0.384184
0.144618 0.384056
0.14465 0.383928
0.144681 0.3838
0.144713 0.383673
0.144745 0.383545
0.144776 0.383418
0.144808 0.38329
0.14484 0.383163
0.144871 0.383035
0.144903 0.382908
0.144934 0.38278
0.144966 0.382653
0.144998 0.382525
0.145029 0.382398
0.145061 0.382271
0.145093 0.382144
0.145124 0.382017
0.145156 0.381889
0.145187 0.381762
0.145219 0.381635
0.145251 0.381508
0.145282 0.381381
0.145314 0.381254
0.145345 0.381127
0.145377 0.381
0.145409 0.380873
0.14544 0.380747
0.145472 0.38062
0.145504 0.380493
0.145535 0.380366
0.145567 0.38024
0.145598 0.380113
0.14563 0.379986
0.145662 0.37986
0.145693 0.379733
0.145725 0.379607
0.145757 0.37948
0.145788 0.379354
0.14582 0.379227
0.145851 0.379101
0.145883 0.378975
0.145915 0.378848
0.145946 0.378722
0.145978 0.378596
0.14601 0.37847
0.146041 0.378344
0.146073 0.378218
0.146104 0.378091
0.146136 0.377965
0.146168 0.377839
0.146199 0.377713
0.146231 0.377588
0.146263 0.377462
0.146294 0.377336
0.146326 0.37721
0.146357 0.377084
0.146389 0.376958
0.146421 0.376833
0.146452 0.376707
0.146484 0.376581
0.146516 0.376456
0.146547 0.37633
0.146579 0.376205
0.14661 0.376079
0.146642 0.375954
0.146674 0.375828
0.146705 0.375703
0.146737 0.375577
0.146769 0.375452
0.1468 0.375327
0.146832 0.375202
0.146863 0.375076
0.146895 0.374951
0.146927 0.374826
0.146958 0.374701
0.14699 0.374576
0.147021 0.374451
0.147053 0.374326
0.147085 0.374201
0.147116 0.374076
0.147148 0.373951
0.14718 0.373826
0.147211 0.373701
0.147243 0.373577
0.147274 0.373452
0.147306 0.373327
0.147338 0.373202
0.147369 0.373078
0.147401 0.372953
0.147433 0.372829
0.147464 0.372704
0.147496 0.372579
0.147527 0.372455
0.147559 0.372331
0.147591 0.372206
0.147622 0.372082
0.147654 0.371957
0.147686 0.371833
0.147717 0.371709
0.147749 0.371585
0.14778 0.371461
0.147812 0.371336
0.147844 0.371212
0.147875 0.371088
0.147907 0.370964
0.147939 0.37084
0.14797 0.370716
0.148002 0.370592
0.148033 0.370468
0.148065 0.370344
0.148097 0.370221
0.148128 0.370097
0.14816 0.369973
0.148192 0.369849
0.148223 0.369726
0.148255 0.369602
0.148286 0.369478
0.148318 0.369355
0.14835 0.369231
0.148381 0.369108
0.148413 0.368984
0.148445 0.368861
0.148476 0.368737
0.148508 0.368614
0.148539 0.368491
0.148571 0.368368
0.148603 0.368244
0.148634 0.368121
0.148666 0.367998
0.148697 0.367875
0.148729 0.367752
0.148761 0.367628
0.148792 0.367505
0.148824 0.367382
0.148856 0.367259
0.148887 0.367137
0.148919 0.367014
0.14895 0.366891
0.148982 0.366768
0.149014 0.366645
0.149045 0.366522
0.149077 0.3664
0.149109 0.366277
0.14914 0.366154
0.149172 0.366032
0.149203 0.365909
0.149235 0.365787
0.149267 0.365664
0.149298 0.365542
0.14933 0.365419
0.149362 0.365297
0.149393 0.365174
0.149425 0.365052
0.149456 0.36493
0.149488 0.364808
0.14952 0.364685
0.149551 0.364563
0.149583 0.364441
0.149615 0.364319
0.149646 0.364197
0.149678 0.364075
0.149709 0.363953
0.149741 0.363831
0.149773 0.363709
0.149804 0.363587
0.149836 0.363465
0.149868 0.363343
0.149899 0.363221
0.149931 0.3631
0.149962 0.362978
0.149994 0.362856
