0.01 1.00823
0.011 1.00995
0.012 1.01183
0.013 1.01387
0.014 1.01607
0.015 1.01844
0.016 1.02096
0.017 1.02363
0.018 1.02647
0.019 1.02946
0.02 1.0326
0.021 1.0359
0.022 1.03935
0.023 1.04295
0.024 1.04669
0.025 1.05059
0.026 1.05463
0.027 1.05882
0.028 1.06315
0.029 1.06763
0.03 1.07224
0.031 1.07699
0.032 1.08188
0.033 1.0869
0.034 1.09206
0.035 1.09735
0.036 1.10277
0.037 1.10831
0.038 1.11398
0.039 1.11978
0.04 1.12569
0.041 1.13172
0.042 1.13787
0.043 1.14414
0.044 1.15052
0.045 1.157
0.046 1.1636
0.047 1.1703
0.048 1.1771
0.049 1.184
0.05 1.191
0.051 1.1981
0.052 1.20529
0.053 1.21257
0.054 1.21993
0.055 1.22739
0.056 1.23492
0.057 1.24254
0.058 1.25023
0.059 1.258
0.06 1.26583
0.061 1.27374
0.062 1.28172
0.063 1.28976
0.064 1.29786
0.065 1.30601
0.066 1.31423
0.067 1.3225
0.068 1.33081
0.069 1.33918
0.07 1.34759
0.071 1.35605
0.072 1.36454
0.073 1.37307
0.074 1.38163
0.075 1.39023
0.076 1.39886
0.077 1.40751
0.078 1.41618
0.079 1.42488
0.08 1.4336
0.081 1.44233
0.082 1.45108
0.083 1.45983
0.084 1.4686
0.085 1.47737
0.086 1.48615
0.087 1.49493
0.088 1.50371
0.089 1.51248
0.09 1.52125
0.091 1.53002
0.092 1.53877
0.093 1.54751
0.094 1.55623
0.095 1.56494
0.096 1.57364
0.097 1.58231
0.098 1.59096
0.099 1.59958
0.1 1.60818
0.101 1.61675
0.102 1.62529
0.103 1.6338
0.104 1.64227
0.105 1.65071
0.106 1.65911
0.107 1.66748
0.108 1.6758
0.109 1.68408
0.11 1.69232
0.111 1.70051
0.112 1.70866
0.113 1.71676
0.114 1.72481
0.115 1.7328
0.116 1.74075
0.117 1.74864
0.118 1.75648
0.119 1.76427
0.12 1.77199
0.121 1.77966
0.122 1.78727
0.123 1.79482
0.124 1.80231
0.125 1.80974
0.126 1.81711
0.127 1.82441
0.128 1.83164
0.129 1.83881
0.13 1.84592
0.131 1.85296
0.132 1.85993
0.133 1.86683
0.134 1.87367
0.135 1.88043
0.136 1.88713
0.137 1.89375
0.138 1.9003
0.139 1.90678
0.14 1.91319
0.141 1.91953
0.142 1.9258
0.143 1.93199
0.144 1.93811
0.145 1.94415
0.146 1.95012
0.147 1.95602
0.148 1.96184
0.149 1.96759
0.15 1.97326
0.151 1.97886
0.152 1.98438
0.153 1.98983
0.154 1.9952
0.155 2.0005
0.156 2.00572
0.157 2.01087
0.158 2.01594
0.159 2.02094
0.16 2.02586
0.161 2.0307
0.162 2.03547
0.163 2.04017
0.164 2.04479
0.165 2.04934
0.166 2.05381
0.167 2.05821
0.168 2.06253
0.169 2.06678
0.17 2.07096
0.171 2.07506
0.172 2.07909
0.173 2.08305
0.174 2.08694
0.175 2.09075
0.176 2.09449
0.177 2.09816
0.178 2.10176
0.179 2.10528
0.18 2.10874
0.181 2.11213
0.182 2.11544
0.183 2.11869
0.184 2.12187
0.185 2.12497
0.186 2.12802
0.187 2.13099
0.188 2.13389
0.189 2.13673
0.19 2.1395
0.191 2.14221
0.192 2.14485
0.193 2.14742
0.194 2.14993
0.195 2.15238
0.196 2.15476
0.197 2.15708
0.198 2.15933
0.199 2.16152
0.2 2.16365
0.201 2.16572
0.202 2.16773
0.203 2.16968
0.204 2.17157
0.205 2.1734
0.206 2.17517
0.207 2.17688
0.208 2.17853
0.209 2.18013
0.21 2.18167
0.211 2.18315
0.212 2.18458
0.213 2.18595
0.214 2.18727
0.215 2.18853
0.216 2.18974
0.217 2.1909
0.218 2.192
0.219 2.19305
0.22 2.19405
0.221 2.195
0.222 2.1959
0.223 2.19674
0.224 2.19754
0.225 2.19829
0.226 2.19899
0.227 2.19965
0.228 2.20025
0.229 2.20081
0.23 2.20132
0.231 2.20179
0.232 2.20221
0.233 2.20258
0.234 2.20292
0.235 2.2032
0.236 2.20345
0.237 2.20365
0.238 2.20381
0.239 2.20392
0.24 2.204
0.241 2.20404
0.242 2.20403
0.243 2.20398
0.244 2.2039
0.245 2.20378
0.246 2.20361
0.247 2.20341
0.248 2.20318
0.249 2.2029
0.25 2.20259
0.251 2.20224
0.252 2.20186
0.253 2.20144
0.254 2.20099
0.255 2.20051
0.256 2.19999
0.257 2.19943
0.258 2.19885
0.259 2.19823
0.26 2.19758
0.261 2.19689
0.262 2.19618
0.263 2.19544
0.264 2.19466
0.265 2.19386
0.266 2.19302
0.267 2.19216
0.268 2.19127
0.269 2.19035
0.27 2.18941
0.271 2.18843
0.272 2.18743
0.273 2.1864
0.274 2.18535
0.275 2.18427
0.276 2.18317
0.277 2.18204
0.278 2.18088
0.279 2.1797
0.28 2.1785
0.281 2.17728
0.282 2.17603
0.283 2.17475
0.284 2.17346
0.285 2.17215
0.286 2.17081
0.287 2.16945
0.288 2.16807
0.289 2.16667
0.29 2.16525
0.291 2.16381
0.292 2.16235
0.293 2.16087
0.294 2.15937
0.295 2.15785
0.296 2.15632
0.297 2.15477
0.298 2.15319
0.299 2.15161
0.3 2.15
0.301 2.14838
0.302 2.14674
0.303 2.14509
0.304 2.14342
0.305 2.14173
0.306 2.14003
0.307 2.13831
0.308 2.13658
0.309 2.13484
0.31 2.13308
0.311 2.13131
0.312 2.12952
0.313 2.12772
0.314 2.12591
0.315 2.12408
0.316 2.12224
0.317 2.12039
0.318 2.11853
0.319 2.11666
0.32 2.11477
0.321 2.11287
0.322 2.11097
0.323 2.10905
0.324 2.10712
0.325 2.10518
0.326 2.10323
0.327 2.10127
0.328 2.0993
0.329 2.09732
0.33 2.09533
0.331 2.09334
0.332 2.09133
0.333 2.08932
0.334 2.08729
0.335 2.08526
0.336 2.08322
0.337 2.08118
0.338 2.07912
0.339 2.07706
0.34 2.07499
0.341 2.07292
0.342 2.07084
0.343 2.06875
0.344 2.06665
0.345 2.06455
0.346 2.06244
0.347 2.06033
0.348 2.05821
0.349 2.05609
0.35 2.05396
0.351 2.05182
0.352 2.04968
0.353 2.04754
0.354 2.04539
0.355 2.04323
0.356 2.04107
0.357 2.03891
0.358 2.03674
0.359 2.03457
0.36 2.0324
0.361 2.03022
0.362 2.02804
0.363 2.02586
0.364 2.02367
0.365 2.02148
0.366 2.01928
0.367 2.01709
0.368 2.01489
0.369 2.01268
0.37 2.01048
0.371 2.00827
0.372 2.00606
0.373 2.00385
0.374 2.00164
0.375 1.99943
0.376 1.99721
0.377 1.99499
0.378 1.99277
0.379 1.99055
0.38 1.98833
0.381 1.98611
0.382 1.98389
0.383 1.98166
0.384 1.97944
0.385 1.97721
0.386 1.97498
0.387 1.97276
0.388 1.97053
0.389 1.9683
0.39 1.96608
0.391 1.96385
0.392 1.96162
0.393 1.95939
0.394 1.95717
0.395 1.95494
0.396 1.95271
0.397 1.95049
0.398 1.94826
0.399 1.94604
0.4 1.94381
0.401 1.94159
0.402 1.93937
0.403 1.93715
0.404 1.93493
0.405 1.93271
0.406 1.93049
0.407 1.92827
0.408 1.92606
0.409 1.92385
0.41 1.92163
0.411 1.91942
0.412 1.91721
0.413 1.91501
0.414 1.9128
0.415 1.9106
0.416 1.90839
0.417 1.90619
0.418 1.904
0.419 1.9018
0.42 1.89961
0.421 1.89742
0.422 1.89523
0.423 1.89304
0.424 1.89086
0.425 1.88867
0.426 1.88649
0.427 1.88432
0.428 1.88214
0.429 1.87997
0.43 1.8778
0.431 1.87563
0.432 1.87347
0.433 1.87131
0.434 1.86915
0.435 1.867
0.436 1.86484
0.437 1.8627
0.438 1.86055
0.439 1.85841
0.44 1.85627
0.441 1.85413
0.442 1.852
0.443 1.84987
0.444 1.84774
0.445 1.84562
0.446 1.8435
0.447 1.84138
0.448 1.83926
0.449 1.83715
0.45 1.83505
0.451 1.83295
0.452 1.83085
0.453 1.82875
0.454 1.82666
0.455 1.82457
0.456 1.82248
0.457 1.8204
0.458 1.81833
0.459 1.81625
0.46 1.81418
0.461 1.81212
0.462 1.81005
0.463 1.808
0.464 1.80594
0.465 1.80389
0.466 1.80184
0.467 1.7998
0.468 1.79776
0.469 1.79573
0.47 1.7937
0.471 1.79167
0.472 1.78965
0.473 1.78763
0.474 1.78562
0.475 1.78361
0.476 1.7816
0.477 1.7796
0.478 1.7776
0.479 1.77561
0.48 1.77362
0.481 1.77164
0.482 1.76965
0.483 1.76768
0.484 1.76571
0.485 1.76374
0.486 1.76177
0.487 1.75982
0.488 1.75786
0.489 1.75591
0.49 1.75396
0.491 1.75202
0.492 1.75009
0.493 1.74815
0.494 1.74622
0.495 1.7443
0.496 1.74238
0.497 1.74046
0.498 1.73855
0.499 1.73665
0.5 1.73475
0.501 1.73285
0.502 1.73096
0.503 1.72907
0.504 1.72718
0.505 1.7253
0.506 1.72343
0.507 1.72156
0.508 1.71969
0.509 1.71783
0.51 1.71597
0.511 1.71412
0.512 1.71227
0.513 1.71043
0.514 1.70859
0.515 1.70676
0.516 1.70493
0.517 1.7031
0.518 1.70128
0.519 1.69947
0.52 1.69765
0.521 1.69585
0.522 1.69404
0.523 1.69225
0.524 1.69045
0.525 1.68866
0.526 1.68688
0.527 1.6851
0.528 1.68333
0.529 1.68156
0.53 1.67979
0.531 1.67803
0.532 1.67627
0.533 1.67452
0.534 1.67277
0.535 1.67103
0.536 1.66929
0.537 1.66756
0.538 1.66583
0.539 1.6641
0.54 1.66238
0.541 1.66067
0.542 1.65896
0.543 1.65725
0.544 1.65555
0.545 1.65385
0.546 1.65216
0.547 1.65047
0.548 1.64878
0.549 1.6471
0.55 1.64543
0.551 1.64376
0.552 1.64209
0.553 1.64043
0.554 1.63878
0.555 1.63712
0.556 1.63548
0.557 1.63383
0.558 1.63219
0.559 1.63056
0.56 1.62893
0.561 1.6273
0.562 1.62568
0.563 1.62407
0.564 1.62246
0.565 1.62085
0.566 1.61925
0.567 1.61765
0.568 1.61605
0.569 1.61446
0.57 1.61288
0.571 1.6113
0.572 1.60972
0.573 1.60815
0.574 1.60658
0.575 1.60502
0.576 1.60346
0.577 1.6019
0.578 1.60035
0.579 1.59881
0.58 1.59727
0.581 1.59573
0.582 1.5942
0.583 1.59267
0.584 1.59114
0.585 1.58962
0.586 1.58811
0.587 1.5866
0.588 1.58509
0.589 1.58359
0.59 1.58209
0.591 1.5806
0.592 1.57911
0.593 1.57762
0.594 1.57614
0.595 1.57466
0.596 1.57319
0.597 1.57172
0.598 1.57026
0.599 1.5688
0.6 1.56734
0.601 1.56589
0.602 1.56444
0.603 1.563
0.604 1.56156
0.605 1.56012
0.606 1.55869
0.607 1.55727
0.608 1.55584
0.609 1.55442
0.61 1.55301
0.611 1.5516
0.612 1.55019
0.613 1.54879
0.614 1.54739
0.615 1.546
0.616 1.54461
0.617 1.54322
0.618 1.54184
0.619 1.54046
0.62 1.53909
0.621 1.53772
0.622 1.53635
0.623 1.53499
0.624 1.53363
0.625 1.53228
0.626 1.53093
0.627 1.52958
0.628 1.52824
0.629 1.5269
0.63 1.52557
0.631 1.52424
0.632 1.52291
0.633 1.52159
0.634 1.52027
0.635 1.51895
0.636 1.51764
0.637 1.51633
0.638 1.51503
0.639 1.51373
0.64 1.51244
0.641 1.51114
0.642 1.50986
0.643 1.50857
0.644 1.50729
0.645 1.50601
0.646 1.50474
0.647 1.50347
0.648 1.5022
0.649 1.50094
0.65 1.49968
0.651 1.49843
0.652 1.49718
0.653 1.49593
0.654 1.49469
0.655 1.49345
0.656 1.49221
0.657 1.49098
0.658 1.48975
0.659 1.48853
0.66 1.4873
0.661 1.48609
0.662 1.48487
0.663 1.48366
0.664 1.48245
0.665 1.48125
0.666 1.48005
0.667 1.47885
0.668 1.47766
0.669 1.47647
0.67 1.47528
0.671 1.4741
0.672 1.47292
0.673 1.47175
0.674 1.47058
0.675 1.46941
0.676 1.46824
0.677 1.46708
0.678 1.46592
0.679 1.46477
0.68 1.46361
0.681 1.46247
0.682 1.46132
0.683 1.46018
0.684 1.45904
0.685 1.45791
0.686 1.45678
0.687 1.45565
0.688 1.45452
0.689 1.4534
0.69 1.45229
0.691 1.45117
0.692 1.45006
0.693 1.44895
0.694 1.44785
0.695 1.44674
0.696 1.44565
0.697 1.44455
0.698 1.44346
0.699 1.44237
0.7 1.44129
0.701 1.4402
0.702 1.43912
0.703 1.43805
0.704 1.43698
0.705 1.43591
0.706 1.43484
0.707 1.43378
0.708 1.43272
0.709 1.43166
0.71 1.43061
0.711 1.42956
0.712 1.42851
0.713 1.42746
0.714 1.42642
0.715 1.42538
0.716 1.42435
0.717 1.42332
0.718 1.42229
0.719 1.42126
0.72 1.42024
0.721 1.41922
0.722 1.4182
0.723 1.41719
0.724 1.41618
0.725 1.41517
0.726 1.41416
0.727 1.41316
0.728 1.41216
0.729 1.41116
0.73 1.41017
0.731 1.40918
0.732 1.40819
0.733 1.40721
0.734 1.40623
0.735 1.40525
0.736 1.40427
0.737 1.4033
0.738 1.40233
0.739 1.40136
0.74 1.40039
0.741 1.39943
0.742 1.39847
0.743 1.39752
0.744 1.39656
0.745 1.39561
0.746 1.39467
0.747 1.39372
0.748 1.39278
0.749 1.39184
0.75 1.3909
0.751 1.38997
0.752 1.38904
0.753 1.38811
0.754 1.38718
0.755 1.38626
0.756 1.38534
0.757 1.38442
0.758 1.3835
0.759 1.38259
0.76 1.38168
0.761 1.38077
0.762 1.37987
0.763 1.37897
0.764 1.37807
0.765 1.37717
0.766 1.37628
0.767 1.37539
0.768 1.3745
0.769 1.37361
0.77 1.37273
0.771 1.37185
0.772 1.37097
0.773 1.37009
0.774 1.36922
0.775 1.36835
0.776 1.36748
0.777 1.36661
0.778 1.36575
0.779 1.36489
0.78 1.36403
0.781 1.36317
0.782 1.36232
0.783 1.36147
0.784 1.36062
0.785 1.35977
0.786 1.35893
0.787 1.35809
0.788 1.35725
0.789 1.35641
0.79 1.35558
0.791 1.35475
0.792 1.35392
0.793 1.35309
0.794 1.35227
0.795 1.35144
0.796 1.35062
0.797 1.34981
0.798 1.34899
0.799 1.34818
0.8 1.34737
0.801 1.34656
0.802 1.34576
0.803 1.34495
0.804 1.34415
0.805 1.34335
0.806 1.34256
0.807 1.34176
0.808 1.34097
0.809 1.34018
0.81 1.33939
0.811 1.33861
0.812 1.33782
0.813 1.33704
0.814 1.33626
0.815 1.33549
0.816 1.33471
0.817 1.33394
0.818 1.33317
0.819 1.3324
0.82 1.33164
0.821 1.33088
0.822 1.33011
0.823 1.32936
0.824 1.3286
0.825 1.32784
0.826 1.32709
0.827 1.32634
0.828 1.32559
0.829 1.32485
0.83 1.3241
0.831 1.32336
0.832 1.32262
0.833 1.32188
0.834 1.32115
0.835 1.32042
0.836 1.31968
0.837 1.31895
0.838 1.31823
0.839 1.3175
0.84 1.31678
0.841 1.31606
0.842 1.31534
0.843 1.31462
0.844 1.31391
0.845 1.31319
0.846 1.31248
0.847 1.31177
0.848 1.31107
0.849 1.31036
0.85 1.30966
0.851 1.30896
0.852 1.30826
0.853 1.30756
0.854 1.30686
0.855 1.30617
0.856 1.30548
0.857 1.30479
0.858 1.3041
0.859 1.30342
0.86 1.30273
0.861 1.30205
0.862 1.30137
0.863 1.30069
0.864 1.30002
0.865 1.29934
0.866 1.29867
0.867 1.298
0.868 1.29733
0.869 1.29666
0.87 1.296
0.871 1.29534
0.872 1.29468
0.873 1.29402
0.874 1.29336
0.875 1.2927
0.876 1.29205
0.877 1.2914
0.878 1.29075
0.879 1.2901
0.88 1.28945
0.881 1.28881
0.882 1.28816
0.883 1.28752
0.884 1.28688
0.885 1.28624
0.886 1.28561
0.887 1.28497
0.888 1.28434
0.889 1.28371
0.89 1.28308
0.891 1.28245
0.892 1.28183
0.893 1.2812
0.894 1.28058
0.895 1.27996
0.896 1.27934
0.897 1.27872
0.898 1.27811
0.899 1.27749
0.9 1.27688
0.901 1.27627
0.902 1.27566
0.903 1.27505
0.904 1.27445
0.905 1.27384
0.906 1.27324
0.907 1.27264
0.908 1.27204
0.909 1.27145
0.91 1.27085
0.911 1.27026
0.912 1.26966
0.913 1.26907
0.914 1.26848
0.915 1.26789
0.916 1.26731
0.917 1.26672
0.918 1.26614
0.919 1.26556
0.92 1.26498
0.921 1.2644
0.922 1.26382
0.923 1.26325
0.924 1.26268
0.925 1.2621
0.926 1.26153
0.927 1.26096
0.928 1.2604
0.929 1.25983
0.93 1.25927
0.931 1.2587
0.932 1.25814
0.933 1.25758
0.934 1.25702
0.935 1.25647
0.936 1.25591
0.937 1.25536
0.938 1.2548
0.939 1.25425
0.94 1.2537
0.941 1.25316
0.942 1.25261
0.943 1.25206
0.944 1.25152
0.945 1.25098
0.946 1.25044
0.947 1.2499
0.948 1.24936
0.949 1.24882
0.95 1.24829
0.951 1.24775
0.952 1.24722
0.953 1.24669
0.954 1.24616
0.955 1.24563
0.956 1.24511
0.957 1.24458
0.958 1.24406
0.959 1.24354
0.96 1.24301
0.961 1.24249
0.962 1.24198
0.963 1.24146
0.964 1.24094
0.965 1.24043
0.966 1.23992
0.967 1.2394
0.968 1.23889
0.969 1.23839
0.97 1.23788
0.971 1.23737
0.972 1.23687
0.973 1.23636
0.974 1.23586
0.975 1.23536
0.976 1.23486
0.977 1.23436
0.978 1.23386
0.979 1.23337
0.98 1.23287
0.981 1.23238
0.982 1.23189
0.983 1.2314
0.984 1.23091
0.985 1.23042
0.986 1.22993
0.987 1.22945
0.988 1.22896
0.989 1.22848
0.99 1.228
0.991 1.22752
0.992 1.22704
0.993 1.22656
0.994 1.22608
0.995 1.22561
0.996 1.22513
0.997 1.22466
0.998 1.22419
0.999 1.22372
1 1.22325
1.001 1.22278
1.002 1.22231
1.003 1.22185
1.004 1.22138
1.005 1.22092
1.006 1.22046
1.007 1.22
1.008 1.21954
1.009 1.21908
1.01 1.21862
1.011 1.21816
1.012 1.21771
1.013 1.21725
1.014 1.2168
1.015 1.21635
1.016 1.2159
1.017 1.21545
1.018 1.215
1.019 1.21455
1.02 1.21411
1.021 1.21366
1.022 1.21322
1.023 1.21278
1.024 1.21234
1.025 1.21189
1.026 1.21146
1.027 1.21102
1.028 1.21058
1.029 1.21014
1.03 1.20971
1.031 1.20928
1.032 1.20884
1.033 1.20841
1.034 1.20798
1.035 1.20755
1.036 1.20712
1.037 1.2067
1.038 1.20627
1.039 1.20584
1.04 1.20542
1.041 1.205
1.042 1.20458
1.043 1.20415
1.044 1.20374
1.045 1.20332
1.046 1.2029
1.047 1.20248
1.048 1.20207
1.049 1.20165
1.05 1.20124
1.051 1.20083
1.052 1.20041
1.053 1.2
1.054 1.19959
1.055 1.19919
1.056 1.19878
1.057 1.19837
1.058 1.19797
1.059 1.19756
1.06 1.19716
1.061 1.19676
1.062 1.19636
1.063 1.19596
1.064 1.19556
1.065 1.19516
1.066 1.19476
1.067 1.19436
1.068 1.19397
1.069 1.19357
1.07 1.19318
1.071 1.19279
1.072 1.1924
1.073 1.19201
1.074 1.19162
1.075 1.19123
1.076 1.19084
1.077 1.19045
1.078 1.19007
1.079 1.18968
1.08 1.1893
1.081 1.18892
1.082 1.18853
1.083 1.18815
1.084 1.18777
1.085 1.18739
1.086 1.18701
1.087 1.18664
1.088 1.18626
1.089 1.18589
1.09 1.18551
1.091 1.18514
1.092 1.18476
1.093 1.18439
1.094 1.18402
1.095 1.18365
1.096 1.18328
1.097 1.18291
1.098 1.18255
1.099 1.18218
1.1 1.18181
1.101 1.18145
1.102 1.18109
1.103 1.18072
1.104 1.18036
1.105 1.18
1.106 1.17964
1.107 1.17928
1.108 1.17892
1.109 1.17856
1.11 1.17821
1.111 1.17785
1.112 1.1775
1.113 1.17714
1.114 1.17679
1.115 1.17644
1.116 1.17608
1.117 1.17573
1.118 1.17538
1.119 1.17503
1.12 1.17469
1.121 1.17434
1.122 1.17399
1.123 1.17365
1.124 1.1733
1.125 1.17296
1.126 1.17261
1.127 1.17227
1.128 1.17193
1.129 1.17159
1.13 1.17125
1.131 1.17091
1.132 1.17057
1.133 1.17023
1.134 1.16989
1.135 1.16956
1.136 1.16922
1.137 1.16889
1.138 1.16855
1.139 1.16822
1.14 1.16789
1.141 1.16756
1.142 1.16723
1.143 1.1669
1.144 1.16657
1.145 1.16624
1.146 1.16591
1.147 1.16559
1.148 1.16526
1.149 1.16494
1.15 1.16461
1.151 1.16429
1.152 1.16396
1.153 1.16364
1.154 1.16332
1.155 1.163
1.156 1.16268
1.157 1.16236
1.158 1.16204
1.159 1.16173
1.16 1.16141
1.161 1.16109
1.162 1.16078
1.163 1.16046
1.164 1.16015
1.165 1.15984
1.166 1.15952
1.167 1.15921
1.168 1.1589
1.169 1.15859
1.17 1.15828
1.171 1.15797
1.172 1.15766
1.173 1.15736
1.174 1.15705
1.175 1.15674
1.176 1.15644
1.177 1.15613
1.178 1.15583
1.179 1.15553
1.18 1.15522
1.181 1.15492
1.182 1.15462
1.183 1.15432
1.184 1.15402
1.185 1.15372
1.186 1.15342
1.187 1.15313
1.188 1.15283
1.189 1.15253
1.19 1.15224
1.191 1.15194
1.192 1.15165
1.193 1.15136
1.194 1.15106
1.195 1.15077
1.196 1.15048
1.197 1.15019
1.198 1.1499
1.199 1.14961
1.2 1.14932
1.201 1.14903
1.202 1.14874
1.203 1.14846
1.204 1.14817
1.205 1.14788
1.206 1.1476
1.207 1.14732
1.208 1.14703
1.209 1.14675
1.21 1.14647
1.211 1.14618
1.212 1.1459
1.213 1.14562
1.214 1.14534
1.215 1.14506
1.216 1.14479
1.217 1.14451
1.218 1.14423
1.219 1.14395
1.22 1.14368
1.221 1.1434
1.222 1.14313
1.223 1.14285
1.224 1.14258
1.225 1.14231
1.226 1.14204
1.227 1.14176
1.228 1.14149
1.229 1.14122
1.23 1.14095
1.231 1.14068
1.232 1.14041
1.233 1.14015
1.234 1.13988
1.235 1.13961
1.236 1.13935
1.237 1.13908
1.238 1.13881
1.239 1.13855
1.24 1.13829
1.241 1.13802
1.242 1.13776
1.243 1.1375
1.244 1.13724
1.245 1.13698
1.246 1.13672
1.247 1.13646
1.248 1.1362
1.249 1.13594
1.25 1.13568
1.251 1.13542
1.252 1.13517
1.253 1.13491
1.254 1.13465
1.255 1.1344
1.256 1.13414
1.257 1.13389
1.258 1.13364
1.259 1.13338
1.26 1.13313
1.261 1.13288
1.262 1.13263
1.263 1.13238
1.264 1.13213
1.265 1.13188
1.266 1.13163
1.267 1.13138
1.268 1.13113
1.269 1.13088
1.27 1.13064
1.271 1.13039
1.272 1.13014
1.273 1.1299
1.274 1.12965
1.275 1.12941
1.276 1.12917
1.277 1.12892
1.278 1.12868
1.279 1.12844
1.28 1.1282
1.281 1.12796
1.282 1.12772
1.283 1.12748
1.284 1.12724
1.285 1.127
1.286 1.12676
1.287 1.12652
1.288 1.12628
1.289 1.12605
1.29 1.12581
1.291 1.12558
1.292 1.12534
1.293 1.1251
1.294 1.12487
1.295 1.12464
1.296 1.1244
1.297 1.12417
1.298 1.12394
1.299 1.12371
1.3 1.12348
1.301 1.12324
1.302 1.12301
1.303 1.12278
1.304 1.12256
1.305 1.12233
1.306 1.1221
1.307 1.12187
1.308 1.12164
1.309 1.12142
1.31 1.12119
1.311 1.12096
1.312 1.12074
1.313 1.12051
1.314 1.12029
1.315 1.12007
1.316 1.11984
1.317 1.11962
1.318 1.1194
1.319 1.11917
1.32 1.11895
1.321 1.11873
1.322 1.11851
1.323 1.11829
1.324 1.11807
1.325 1.11785
1.326 1.11763
1.327 1.11742
1.328 1.1172
1.329 1.11698
1.33 1.11676
1.331 1.11655
1.332 1.11633
1.333 1.11612
1.334 1.1159
1.335 1.11569
1.336 1.11547
1.337 1.11526
1.338 1.11504
1.339 1.11483
1.34 1.11462
1.341 1.11441
1.342 1.1142
1.343 1.11399
1.344 1.11378
1.345 1.11356
1.346 1.11336
1.347 1.11315
1.348 1.11294
1.349 1.11273
1.35 1.11252
1.351 1.11231
1.352 1.11211
1.353 1.1119
1.354 1.11169
1.355 1.11149
1.356 1.11128
1.357 1.11108
1.358 1.11087
1.359 1.11067
1.36 1.11047
1.361 1.11026
1.362 1.11006
1.363 1.10986
1.364 1.10966
1.365 1.10945
1.366 1.10925
1.367 1.10905
1.368 1.10885
1.369 1.10865
1.37 1.10845
1.371 1.10825
1.372 1.10806
1.373 1.10786
1.374 1.10766
1.375 1.10746
1.376 1.10727
1.377 1.10707
1.378 1.10687
1.379 1.10668
1.38 1.10648
1.381 1.10629
1.382 1.10609
1.383 1.1059
1.384 1.10571
1.385 1.10551
1.386 1.10532
1.387 1.10513
1.388 1.10493
1.389 1.10474
1.39 1.10455
1.391 1.10436
1.392 1.10417
1.393 1.10398
1.394 1.10379
1.395 1.1036
1.396 1.10341
1.397 1.10322
1.398 1.10304
1.399 1.10285
1.4 1.10266
1.401 1.10247
1.402 1.10229
1.403 1.1021
1.404 1.10191
1.405 1.10173
1.406 1.10154
1.407 1.10136
1.408 1.10117
1.409 1.10099
1.41 1.10081
1.411 1.10062
1.412 1.10044
1.413 1.10026
1.414 1.10008
1.415 1.09989
1.416 1.09971
1.417 1.09953
1.418 1.09935
1.419 1.09917
1.42 1.09899
1.421 1.09881
1.422 1.09863
1.423 1.09845
1.424 1.09827
1.425 1.0981
1.426 1.09792
1.427 1.09774
1.428 1.09756
1.429 1.09739
1.43 1.09721
1.431 1.09704
1.432 1.09686
1.433 1.09668
1.434 1.09651
1.435 1.09634
1.436 1.09616
1.437 1.09599
1.438 1.09581
1.439 1.09564
1.44 1.09547
1.441 1.0953
1.442 1.09512
1.443 1.09495
1.444 1.09478
1.445 1.09461
1.446 1.09444
1.447 1.09427
1.448 1.0941
1.449 1.09393
1.45 1.09376
1.451 1.09359
1.452 1.09342
1.453 1.09325
1.454 1.09308
1.455 1.09292
1.456 1.09275
1.457 1.09258
1.458 1.09242
1.459 1.09225
1.46 1.09208
1.461 1.09192
1.462 1.09175
1.463 1.09159
1.464 1.09142
1.465 1.09126
1.466 1.09109
1.467 1.09093
1.468 1.09077
1.469 1.0906
1.47 1.09044
1.471 1.09028
1.472 1.09012
1.473 1.08995
1.474 1.08979
1.475 1.08963
1.476 1.08947
1.477 1.08931
1.478 1.08915
1.479 1.08899
1.48 1.08883
1.481 1.08867
1.482 1.08851
1.483 1.08835
1.484 1.08819
1.485 1.08804
1.486 1.08788
1.487 1.08772
1.488 1.08756
1.489 1.08741
1.49 1.08725
1.491 1.0871
1.492 1.08694
1.493 1.08678
1.494 1.08663
1.495 1.08647
1.496 1.08632
1.497 1.08616
1.498 1.08601
1.499 1.08586
1.5 1.0857
1.501 1.08555
1.502 1.0854
1.503 1.08524
1.504 1.08509
1.505 1.08494
1.506 1.08479
1.507 1.08464
1.508 1.08449
1.509 1.08433
1.51 1.08418
1.511 1.08403
1.512 1.08388
1.513 1.08373
1.514 1.08359
1.515 1.08344
1.516 1.08329
1.517 1.08314
1.518 1.08299
1.519 1.08284
1.52 1.08269
1.521 1.08255
1.522 1.0824
1.523 1.08225
1.524 1.08211
1.525 1.08196
1.526 1.08181
1.527 1.08167
1.528 1.08152
1.529 1.08138
1.53 1.08123
1.531 1.08109
1.532 1.08094
1.533 1.0808
1.534 1.08066
1.535 1.08051
1.536 1.08037
1.537 1.08023
1.538 1.08009
1.539 1.07994
1.54 1.0798
1.541 1.07966
1.542 1.07952
1.543 1.07938
1.544 1.07923
1.545 1.07909
1.546 1.07895
1.547 1.07881
1.548 1.07867
1.549 1.07853
1.55 1.07839
1.551 1.07826
1.552 1.07812
1.553 1.07798
1.554 1.07784
1.555 1.0777
1.556 1.07756
1.557 1.07743
1.558 1.07729
1.559 1.07715
1.56 1.07701
1.561 1.07688
1.562 1.07674
1.563 1.07661
1.564 1.07647
1.565 1.07633
1.566 1.0762
1.567 1.07606
1.568 1.07593
1.569 1.0758
1.57 1.07566
1.571 1.07553
1.572 1.07539
1.573 1.07526
1.574 1.07513
1.575 1.07499
1.576 1.07486
1.577 1.07473
1.578 1.0746
1.579 1.07446
1.58 1.07433
1.581 1.0742
1.582 1.07407
1.583 1.07394
1.584 1.07381
1.585 1.07368
1.586 1.07355
1.587 1.07342
1.588 1.07329
1.589 1.07316
1.59 1.07303
1.591 1.0729
1.592 1.07277
1.593 1.07264
1.594 1.07251
1.595 1.07239
1.596 1.07226
1.597 1.07213
1.598 1.072
1.599 1.07188
1.6 1.07175
1.601 1.07162
1.602 1.0715
1.603 1.07137
1.604 1.07124
1.605 1.07112
1.606 1.07099
1.607 1.07087
1.608 1.07074
1.609 1.07062
1.61 1.07049
1.611 1.07037
1.612 1.07024
1.613 1.07012
1.614 1.07
1.615 1.06987
1.616 1.06975
1.617 1.06963
1.618 1.0695
1.619 1.06938
1.62 1.06926
1.621 1.06914
1.622 1.06902
1.623 1.06889
1.624 1.06877
1.625 1.06865
1.626 1.06853
1.627 1.06841
1.628 1.06829
1.629 1.06817
1.63 1.06805
1.631 1.06793
1.632 1.06781
1.633 1.06769
1.634 1.06757
1.635 1.06745
1.636 1.06733
1.637 1.06721
1.638 1.0671
1.639 1.06698
1.64 1.06686
1.641 1.06674
1.642 1.06663
1.643 1.06651
1.644 1.06639
1.645 1.06627
1.646 1.06616
1.647 1.06604
1.648 1.06592
1.649 1.06581
1.65 1.06569
1.651 1.06558
1.652 1.06546
1.653 1.06535
1.654 1.06523
1.655 1.06512
1.656 1.065
1.657 1.06489
1.658 1.06477
1.659 1.06466
1.66 1.06455
1.661 1.06443
1.662 1.06432
1.663 1.06421
1.664 1.06409
1.665 1.06398
1.666 1.06387
1.667 1.06376
1.668 1.06364
1.669 1.06353
1.67 1.06342
1.671 1.06331
1.672 1.0632
1.673 1.06309
1.674 1.06298
1.675 1.06287
1.676 1.06276
1.677 1.06265
1.678 1.06254
1.679 1.06243
1.68 1.06232
1.681 1.06221
1.682 1.0621
1.683 1.06199
1.684 1.06188
1.685 1.06177
1.686 1.06166
1.687 1.06155
1.688 1.06145
1.689 1.06134
1.69 1.06123
1.691 1.06112
1.692 1.06102
1.693 1.06091
1.694 1.0608
1.695 1.06069
1.696 1.06059
1.697 1.06048
1.698 1.06038
1.699 1.06027
1.7 1.06016
1.701 1.06006
1.702 1.05995
1.703 1.05985
1.704 1.05974
1.705 1.05964
1.706 1.05953
1.707 1.05943
1.708 1.05932
1.709 1.05922
1.71 1.05912
1.711 1.05901
1.712 1.05891
1.713 1.0588
1.714 1.0587
1.715 1.0586
1.716 1.0585
1.717 1.05839
1.718 1.05829
1.719 1.05819
1.72 1.05809
1.721 1.05798
1.722 1.05788
1.723 1.05778
1.724 1.05768
1.725 1.05758
1.726 1.05748
1.727 1.05738
1.728 1.05728
1.729 1.05717
1.73 1.05707
1.731 1.05697
1.732 1.05687
1.733 1.05677
1.734 1.05668
1.735 1.05658
1.736 1.05648
1.737 1.05638
1.738 1.05628
1.739 1.05618
1.74 1.05608
1.741 1.05598
1.742 1.05588
1.743 1.05579
1.744 1.05569
1.745 1.05559
1.746 1.05549
1.747 1.0554
1.748 1.0553
1.749 1.0552
1.75 1.0551
1.751 1.05501
1.752 1.05491
1.753 1.05481
1.754 1.05472
1.755 1.05462
1.756 1.05453
1.757 1.05443
1.758 1.05434
1.759 1.05424
1.76 1.05414
1.761 1.05405
1.762 1.05395
1.763 1.05386
1.764 1.05377
1.765 1.05367
1.766 1.05358
1.767 1.05348
1.768 1.05339
1.769 1.0533
1.77 1.0532
1.771 1.05311
1.772 1.05301
1.773 1.05292
1.774 1.05283
1.775 1.05274
1.776 1.05264
1.777 1.05255
1.778 1.05246
1.779 1.05237
1.78 1.05227
1.781 1.05218
1.782 1.05209
1.783 1.052
1.784 1.05191
1.785 1.05182
1.786 1.05173
1.787 1.05164
1.788 1.05154
1.789 1.05145
1.79 1.05136
1.791 1.05127
1.792 1.05118
1.793 1.05109
1.794 1.051
1.795 1.05091
1.796 1.05082
1.797 1.05073
1.798 1.05065
1.799 1.05056
1.8 1.05047
1.801 1.05038
1.802 1.05029
1.803 1.0502
1.804 1.05011
1.805 1.05003
1.806 1.04994
1.807 1.04985
1.808 1.04976
1.809 1.04967
1.81 1.04959
1.811 1.0495
1.812 1.04941
1.813 1.04933
1.814 1.04924
1.815 1.04915
1.816 1.04907
1.817 1.04898
1.818 1.04889
1.819 1.04881
1.82 1.04872
1.821 1.04864
1.822 1.04855
1.823 1.04846
1.824 1.04838
1.825 1.04829
1.826 1.04821
1.827 1.04812
1.828 1.04804
1.829 1.04796
1.83 1.04787
1.831 1.04779
1.832 1.0477
1.833 1.04762
1.834 1.04753
1.835 1.04745
1.836 1.04737
1.837 1.04728
1.838 1.0472
1.839 1.04712
1.84 1.04703
1.841 1.04695
1.842 1.04687
1.843 1.04679
1.844 1.0467
1.845 1.04662
1.846 1.04654
1.847 1.04646
1.848 1.04637
1.849 1.04629
1.85 1.04621
1.851 1.04613
1.852 1.04605
1.853 1.04597
1.854 1.04589
1.855 1.04581
1.856 1.04572
1.857 1.04564
1.858 1.04556
1.859 1.04548
1.86 1.0454
1.861 1.04532
1.862 1.04524
1.863 1.04516
1.864 1.04508
1.865 1.045
1.866 1.04492
1.867 1.04484
1.868 1.04476
1.869 1.04469
1.87 1.04461
1.871 1.04453
1.872 1.04445
1.873 1.04437
1.874 1.04429
1.875 1.04421
1.876 1.04414
1.877 1.04406
1.878 1.04398
1.879 1.0439
1.88 1.04382
1.881 1.04375
1.882 1.04367
1.883 1.04359
1.884 1.04351
1.885 1.04344
1.886 1.04336
1.887 1.04328
1.888 1.04321
1.889 1.04313
1.89 1.04305
1.891 1.04298
1.892 1.0429
1.893 1.04283
1.894 1.04275
1.895 1.04267
1.896 1.0426
1.897 1.04252
1.898 1.04245
1.899 1.04237
1.9 1.0423
1.901 1.04222
1.902 1.04215
1.903 1.04207
1.904 1.042
1.905 1.04192
1.906 1.04185
1.907 1.04178
1.908 1.0417
1.909 1.04163
1.91 1.04155
1.911 1.04148
1.912 1.04141
1.913 1.04133
1.914 1.04126
1.915 1.04119
1.916 1.04111
1.917 1.04104
1.918 1.04097
1.919 1.04089
1.92 1.04082
1.921 1.04075
1.922 1.04068
1.923 1.0406
1.924 1.04053
1.925 1.04046
1.926 1.04039
1.927 1.04031
1.928 1.04024
1.929 1.04017
1.93 1.0401
1.931 1.04003
1.932 1.03996
1.933 1.03989
1.934 1.03981
1.935 1.03974
1.936 1.03967
1.937 1.0396
1.938 1.03953
1.939 1.03946
1.94 1.03939
1.941 1.03932
1.942 1.03925
1.943 1.03918
1.944 1.03911
1.945 1.03904
1.946 1.03897
1.947 1.0389
1.948 1.03883
1.949 1.03876
1.95 1.03869
1.951 1.03862
1.952 1.03856
1.953 1.03849
1.954 1.03842
1.955 1.03835
1.956 1.03828
1.957 1.03821
1.958 1.03814
1.959 1.03808
1.96 1.03801
1.961 1.03794
1.962 1.03787
1.963 1.0378
1.964 1.03774
1.965 1.03767
1.966 1.0376
1.967 1.03753
1.968 1.03747
1.969 1.0374
1.97 1.03733
1.971 1.03727
1.972 1.0372
1.973 1.03713
1.974 1.03707
1.975 1.037
1.976 1.03693
1.977 1.03687
1.978 1.0368
1.979 1.03673
1.98 1.03667
1.981 1.0366
1.982 1.03654
1.983 1.03647
1.984 1.0364
1.985 1.03634
1.986 1.03627
1.987 1.03621
1.988 1.03614
1.989 1.03608
1.99 1.03601
1.991 1.03595
1.992 1.03588
1.993 1.03582
1.994 1.03576
1.995 1.03569
1.996 1.03563
1.997 1.03556
1.998 1.0355
1.999 1.03543
2 1.03537
