0.2 1.78372
0.201 1.7813
0.202 1.7789
0.203 1.77651
0.204 1.77413
0.205 1.77177
0.206 1.76943
0.207 1.76709
0.208 1.76478
0.209 1.76247
0.21 1.76018
0.211 1.7579
0.212 1.75564
0.213 1.75338
0.214 1.75115
0.215 1.74892
0.216 1.74671
0.217 1.74451
0.218 1.74232
0.219 1.74015
0.22 1.73799
0.221 1.73584
0.222 1.7337
0.223 1.73158
0.224 1.72946
0.225 1.72736
0.226 1.72528
0.227 1.7232
0.228 1.72113
0.229 1.71908
0.23 1.71704
0.231 1.71501
0.232 1.71299
0.233 1.71098
0.234 1.70898
0.235 1.707
0.236 1.70502
0.237 1.70306
0.238 1.7011
0.239 1.69916
0.24 1.69723
0.241 1.69531
0.242 1.6934
0.243 1.6915
0.244 1.68961
0.245 1.68773
0.246 1.68586
0.247 1.68399
0.248 1.68214
0.249 1.6803
0.25 1.67847
0.251 1.67665
0.252 1.67484
0.253 1.67304
0.254 1.67125
0.255 1.66946
0.256 1.66769
0.257 1.66593
0.258 1.66417
0.259 1.66242
0.26 1.66069
0.261 1.65896
0.262 1.65724
0.263 1.65553
0.264 1.65383
0.265 1.65213
0.266 1.65045
0.267 1.64878
0.268 1.64711
0.269 1.64545
0.27 1.6438
0.271 1.64216
0.272 1.64052
0.273 1.6389
0.274 1.63728
0.275 1.63567
0.276 1.63407
0.277 1.63248
0.278 1.63089
0.279 1.62931
0.28 1.62774
0.281 1.62618
0.282 1.62463
0.283 1.62308
0.284 1.62154
0.285 1.62001
0.286 1.61848
0.287 1.61697
0.288 1.61546
0.289 1.61395
0.29 1.61246
0.291 1.61097
0.292 1.60949
0.293 1.60802
0.294 1.60655
0.295 1.60509
0.296 1.60364
0.297 1.60219
0.298 1.60075
0.299 1.59932
0.3 1.59789
0.301 1.59648
0.302 1.59506
0.303 1.59366
0.304 1.59226
0.305 1.59087
0.306 1.58948
0.307 1.5881
0.308 1.58673
0.309 1.58536
0.31 1.584
0.311 1.58264
0.312 1.5813
0.313 1.57995
0.314 1.57862
0.315 1.57729
0.316 1.57596
0.317 1.57465
0.318 1.57334
0.319 1.57203
0.32 1.57073
0.321 1.56943
0.322 1.56815
0.323 1.56686
0.324 1.56559
0.325 1.56432
0.326 1.56305
0.327 1.56179
0.328 1.56054
0.329 1.55929
0.33 1.55804
0.331 1.5568
0.332 1.55557
0.333 1.55434
0.334 1.55312
0.335 1.55191
0.336 1.5507
0.337 1.54949
0.338 1.54829
0.339 1.54709
0.34 1.5459
0.341 1.54472
0.342 1.54354
0.343 1.54236
0.344 1.54119
0.345 1.54003
0.346 1.53887
0.347 1.53771
0.348 1.53656
0.349 1.53542
0.35 1.53428
0.351 1.53314
0.352 1.53201
0.353 1.53088
0.354 1.52976
0.355 1.52864
0.356 1.52753
0.357 1.52642
0.358 1.52532
0.359 1.52422
0.36 1.52313
0.361 1.52204
0.362 1.52095
0.363 1.51987
0.364 1.5188
0.365 1.51773
0.366 1.51666
0.367 1.5156
0.368 1.51454
0.369 1.51348
0.37 1.51243
0.371 1.51139
0.372 1.51035
0.373 1.50931
0.374 1.50828
0.375 1.50725
0.376 1.50622
0.377 1.5052
0.378 1.50418
0.379 1.50317
0.38 1.50216
0.381 1.50116
0.382 1.50016
0.383 1.49916
0.384 1.49817
0.385 1.49718
0.386 1.49619
0.387 1.49521
0.388 1.49424
0.389 1.49326
0.39 1.49229
0.391 1.49133
0.392 1.49036
0.393 1.48941
0.394 1.48845
0.395 1.4875
0.396 1.48655
0.397 1.48561
0.398 1.48467
0.399 1.48373
0.4 1.4828
0.401 1.48187
0.402 1.48094
0.403 1.48002
0.404 1.4791
0.405 1.47819
0.406 1.47728
0.407 1.47637
0.408 1.47546
0.409 1.47456
0.41 1.47366
0.411 1.47277
0.412 1.47188
0.413 1.47099
0.414 1.4701
0.415 1.46922
0.416 1.46834
0.417 1.46747
0.418 1.4666
0.419 1.46573
0.42 1.46486
0.421 1.464
0.422 1.46314
0.423 1.46229
0.424 1.46143
0.425 1.46059
0.426 1.45974
0.427 1.4589
0.428 1.45806
0.429 1.45722
0.43 1.45638
0.431 1.45555
0.432 1.45472
0.433 1.4539
0.434 1.45308
0.435 1.45226
0.436 1.45144
0.437 1.45063
0.438 1.44982
0.439 1.44901
0.44 1.4482
0.441 1.4474
0.442 1.4466
0.443 1.44581
0.444 1.44501
0.445 1.44422
0.446 1.44344
0.447 1.44265
0.448 1.44187
0.449 1.44109
0.45 1.44031
0.451 1.43954
0.452 1.43877
0.453 1.438
0.454 1.43723
0.455 1.43647
0.456 1.43571
0.457 1.43495
0.458 1.43419
0.459 1.43344
0.46 1.43269
0.461 1.43194
0.462 1.4312
0.463 1.43045
0.464 1.42971
0.465 1.42898
0.466 1.42824
0.467 1.42751
0.468 1.42678
0.469 1.42605
0.47 1.42533
0.471 1.4246
0.472 1.42388
0.473 1.42317
0.474 1.42245
0.475 1.42174
0.476 1.42103
0.477 1.42032
0.478 1.41961
0.479 1.41891
0.48 1.41821
0.481 1.41751
0.482 1.41681
0.483 1.41612
0.484 1.41543
0.485 1.41474
0.486 1.41405
0.487 1.41336
0.488 1.41268
0.489 1.412
0.49 1.41132
0.491 1.41064
0.492 1.40997
0.493 1.4093
0.494 1.40863
0.495 1.40796
0.496 1.4073
0.497 1.40663
0.498 1.40597
0.499 1.40531
0.5 1.40466
0.501 1.404
0.502 1.40335
0.503 1.4027
0.504 1.40205
0.505 1.4014
0.506 1.40076
0.507 1.40012
0.508 1.39948
0.509 1.39884
0.51 1.3982
0.511 1.39757
0.512 1.39694
0.513 1.39631
0.514 1.39568
0.515 1.39505
0.516 1.39443
0.517 1.39381
0.518 1.39319
0.519 1.39257
0.52 1.39195
0.521 1.39134
0.522 1.39073
0.523 1.39011
0.524 1.38951
0.525 1.3889
0.526 1.38829
0.527 1.38769
0.528 1.38709
0.529 1.38649
0.53 1.38589
0.531 1.3853
0.532 1.3847
0.533 1.38411
0.534 1.38352
0.535 1.38293
0.536 1.38235
0.537 1.38176
0.538 1.38118
0.539 1.3806
0.54 1.38002
0.541 1.37944
0.542 1.37886
0.543 1.37829
0.544 1.37772
0.545 1.37714
0.546 1.37658
0.547 1.37601
0.548 1.37544
0.549 1.37488
0.55 1.37432
0.551 1.37376
0.552 1.3732
0.553 1.37264
0.554 1.37208
0.555 1.37153
0.556 1.37098
0.557 1.37043
0.558 1.36988
0.559 1.36933
0.56 1.36878
0.561 1.36824
0.562 1.3677
0.563 1.36715
0.564 1.36661
0.565 1.36608
0.566 1.36554
0.567 1.36501
0.568 1.36447
0.569 1.36394
0.57 1.36341
0.571 1.36288
0.572 1.36235
0.573 1.36183
0.574 1.3613
0.575 1.36078
0.576 1.36026
0.577 1.35974
0.578 1.35922
0.579 1.35871
0.58 1.35819
0.581 1.35768
0.582 1.35716
0.583 1.35665
0.584 1.35614
0.585 1.35564
0.586 1.35513
0.587 1.35463
0.588 1.35412
0.589 1.35362
0.59 1.35312
0.591 1.35262
0.592 1.35212
0.593 1.35162
0.594 1.35113
0.595 1.35064
0.596 1.35014
0.597 1.34965
0.598 1.34916
0.599 1.34867
0.6 1.34819
0.601 1.3477
0.602 1.34722
0.603 1.34673
0.604 1.34625
0.605 1.34577
0.606 1.34529
0.607 1.34482
0.608 1.34434
0.609 1.34387
0.61 1.34339
0.611 1.34292
0.612 1.34245
0.613 1.34198
0.614 1.34151
0.615 1.34104
0.616 1.34058
0.617 1.34011
0.618 1.33965
0.619 1.33919
0.62 1.33873
0.621 1.33827
0.622 1.33781
0.623 1.33735
0.624 1.33689
0.625 1.33644
0.626 1.33599
0.627 1.33553
0.628 1.33508
0.629 1.33463
0.63 1.33418
0.631 1.33374
0.632 1.33329
0.633 1.33284
0.634 1.3324
0.635 1.33196
0.636 1.33152
0.637 1.33108
0.638 1.33064
0.639 1.3302
0.64 1.32976
0.641 1.32933
0.642 1.32889
0.643 1.32846
0.644 1.32803
0.645 1.32759
0.646 1.32716
0.647 1.32673
0.648 1.32631
0.649 1.32588
0.65 1.32545
0.651 1.32503
0.652 1.32461
0.653 1.32418
0.654 1.32376
0.655 1.32334
0.656 1.32292
0.657 1.32251
0.658 1.32209
0.659 1.32167
0.66 1.32126
0.661 1.32084
0.662 1.32043
0.663 1.32002
0.664 1.31961
0.665 1.3192
0.666 1.31879
0.667 1.31838
0.668 1.31798
0.669 1.31757
0.67 1.31717
0.671 1.31676
0.672 1.31636
0.673 1.31596
0.674 1.31556
0.675 1.31516
0.676 1.31476
0.677 1.31437
0.678 1.31397
0.679 1.31357
0.68 1.31318
0.681 1.31279
0.682 1.3124
0.683 1.312
0.684 1.31161
0.685 1.31122
0.686 1.31084
0.687 1.31045
0.688 1.31006
0.689 1.30968
0.69 1.30929
0.691 1.30891
0.692 1.30853
0.693 1.30814
0.694 1.30776
0.695 1.30738
0.696 1.307
0.697 1.30663
0.698 1.30625
0.699 1.30587
0.7 1.3055
0.701 1.30512
0.702 1.30475
0.703 1.30438
0.704 1.30401
0.705 1.30364
0.706 1.30327
0.707 1.3029
0.708 1.30253
0.709 1.30216
0.71 1.3018
0.711 1.30143
0.712 1.30107
0.713 1.3007
0.714 1.30034
0.715 1.29998
0.716 1.29962
0.717 1.29926
0.718 1.2989
0.719 1.29854
0.72 1.29818
0.721 1.29782
0.722 1.29747
0.723 1.29711
0.724 1.29676
0.725 1.29641
0.726 1.29605
0.727 1.2957
0.728 1.29535
0.729 1.295
0.73 1.29465
0.731 1.2943
0.732 1.29396
0.733 1.29361
0.734 1.29326
0.735 1.29292
0.736 1.29257
0.737 1.29223
0.738 1.29189
0.739 1.29155
0.74 1.29121
0.741 1.29087
0.742 1.29053
0.743 1.29019
0.744 1.28985
0.745 1.28951
0.746 1.28918
0.747 1.28884
0.748 1.28851
0.749 1.28817
0.75 1.28784
0.751 1.28751
0.752 1.28717
0.753 1.28684
0.754 1.28651
0.755 1.28618
0.756 1.28586
0.757 1.28553
0.758 1.2852
0.759 1.28487
0.76 1.28455
0.761 1.28422
0.762 1.2839
0.763 1.28358
0.764 1.28325
0.765 1.28293
0.766 1.28261
0.767 1.28229
0.768 1.28197
0.769 1.28165
0.77 1.28133
0.771 1.28101
0.772 1.2807
0.773 1.28038
0.774 1.28007
0.775 1.27975
0.776 1.27944
0.777 1.27912
0.778 1.27881
0.779 1.2785
0.78 1.27819
0.781 1.27788
0.782 1.27757
0.783 1.27726
0.784 1.27695
0.785 1.27664
0.786 1.27633
0.787 1.27603
0.788 1.27572
0.789 1.27542
0.79 1.27511
0.791 1.27481
0.792 1.27451
0.793 1.2742
0.794 1.2739
0.795 1.2736
0.796 1.2733
0.797 1.273
0.798 1.2727
0.799 1.2724
0.8 1.2721
0.801 1.27181
0.802 1.27151
0.803 1.27121
0.804 1.27092
0.805 1.27062
0.806 1.27033
0.807 1.27004
0.808 1.26974
0.809 1.26945
0.81 1.26916
0.811 1.26887
0.812 1.26858
0.813 1.26829
0.814 1.268
0.815 1.26771
0.816 1.26742
0.817 1.26714
0.818 1.26685
0.819 1.26657
0.82 1.26628
0.821 1.266
0.822 1.26571
0.823 1.26543
0.824 1.26514
0.825 1.26486
0.826 1.26458
0.827 1.2643
0.828 1.26402
0.829 1.26374
0.83 1.26346
0.831 1.26318
0.832 1.2629
0.833 1.26263
0.834 1.26235
0.835 1.26207
0.836 1.2618
0.837 1.26152
0.838 1.26125
0.839 1.26097
0.84 1.2607
0.841 1.26043
0.842 1.26015
0.843 1.25988
0.844 1.25961
0.845 1.25934
0.846 1.25907
0.847 1.2588
0.848 1.25853
0.849 1.25826
0.85 1.258
0.851 1.25773
0.852 1.25746
0.853 1.25719
0.854 1.25693
0.855 1.25666
0.856 1.2564
0.857 1.25614
0.858 1.25587
0.859 1.25561
0.86 1.25535
0.861 1.25508
0.862 1.25482
0.863 1.25456
0.864 1.2543
0.865 1.25404
0.866 1.25378
0.867 1.25352
0.868 1.25327
0.869 1.25301
0.87 1.25275
0.871 1.2525
0.872 1.25224
0.873 1.25198
0.874 1.25173
0.875 1.25147
0.876 1.25122
0.877 1.25097
0.878 1.25071
0.879 1.25046
0.88 1.25021
0.881 1.24996
0.882 1.24971
0.883 1.24946
0.884 1.24921
0.885 1.24896
0.886 1.24871
0.887 1.24846
0.888 1.24821
0.889 1.24796
0.89 1.24772
0.891 1.24747
0.892 1.24722
0.893 1.24698
0.894 1.24673
0.895 1.24649
0.896 1.24625
0.897 1.246
0.898 1.24576
0.899 1.24552
0.9 1.24527
0.901 1.24503
0.902 1.24479
0.903 1.24455
0.904 1.24431
0.905 1.24407
0.906 1.24383
0.907 1.24359
0.908 1.24335
0.909 1.24312
0.91 1.24288
0.911 1.24264
0.912 1.2424
0.913 1.24217
0.914 1.24193
0.915 1.2417
0.916 1.24146
0.917 1.24123
0.918 1.241
0.919 1.24076
0.92 1.24053
0.921 1.2403
0.922 1.24006
0.923 1.23983
0.924 1.2396
0.925 1.23937
0.926 1.23914
0.927 1.23891
0.928 1.23868
0.929 1.23845
0.93 1.23822
0.931 1.238
0.932 1.23777
0.933 1.23754
0.934 1.23732
0.935 1.23709
0.936 1.23686
0.937 1.23664
0.938 1.23641
0.939 1.23619
0.94 1.23596
0.941 1.23574
0.942 1.23552
0.943 1.23529
0.944 1.23507
0.945 1.23485
0.946 1.23463
0.947 1.23441
0.948 1.23419
0.949 1.23397
0.95 1.23375
0.951 1.23353
0.952 1.23331
0.953 1.23309
0.954 1.23287
0.955 1.23265
0.956 1.23243
0.957 1.23222
0.958 1.232
0.959 1.23178
0.96 1.23157
0.961 1.23135
0.962 1.23114
0.963 1.23092
0.964 1.23071
0.965 1.23049
0.966 1.23028
0.967 1.23007
0.968 1.22986
0.969 1.22964
0.97 1.22943
0.971 1.22922
0.972 1.22901
0.973 1.2288
0.974 1.22859
0.975 1.22838
0.976 1.22817
0.977 1.22796
0.978 1.22775
0.979 1.22754
0.98 1.22733
0.981 1.22713
0.982 1.22692
0.983 1.22671
0.984 1.2265
0.985 1.2263
0.986 1.22609
0.987 1.22589
0.988 1.22568
0.989 1.22548
0.99 1.22527
0.991 1.22507
0.992 1.22487
0.993 1.22466
0.994 1.22446
0.995 1.22426
0.996 1.22405
0.997 1.22385
0.998 1.22365
0.999 1.22345
1 1.22325
1.001 1.22305
1.002 1.22285
1.003 1.22265
1.004 1.22245
1.005 1.22225
1.006 1.22205
1.007 1.22185
1.008 1.22166
1.009 1.22146
1.01 1.22126
1.011 1.22107
1.012 1.22087
1.013 1.22067
1.014 1.22048
1.015 1.22028
1.016 1.22009
1.017 1.21989
1.018 1.2197
1.019 1.2195
1.02 1.21931
1.021 1.21912
1.022 1.21892
1.023 1.21873
1.024 1.21854
1.025 1.21835
1.026 1.21815
1.027 1.21796
1.028 1.21777
1.029 1.21758
1.03 1.21739
1.031 1.2172
1.032 1.21701
1.033 1.21682
1.034 1.21663
1.035 1.21644
1.036 1.21626
1.037 1.21607
1.038 1.21588
1.039 1.21569
1.04 1.21551
1.041 1.21532
1.042 1.21513
1.043 1.21495
1.044 1.21476
1.045 1.21458
1.046 1.21439
1.047 1.21421
1.048 1.21402
1.049 1.21384
1.05 1.21365
1.051 1.21347
1.052 1.21329
1.053 1.2131
1.054 1.21292
1.055 1.21274
1.056 1.21256
1.057 1.21238
1.058 1.21219
1.059 1.21201
1.06 1.21183
1.061 1.21165
1.062 1.21147
1.063 1.21129
1.064 1.21111
1.065 1.21093
1.066 1.21075
1.067 1.21058
1.068 1.2104
1.069 1.21022
1.07 1.21004
1.071 1.20986
1.072 1.20969
1.073 1.20951
1.074 1.20933
1.075 1.20916
1.076 1.20898
1.077 1.20881
1.078 1.20863
1.079 1.20846
1.08 1.20828
1.081 1.20811
1.082 1.20793
1.083 1.20776
1.084 1.20759
1.085 1.20741
1.086 1.20724
1.087 1.20707
1.088 1.20689
1.089 1.20672
1.09 1.20655
1.091 1.20638
1.092 1.20621
1.093 1.20604
1.094 1.20587
1.095 1.2057
1.096 1.20553
1.097 1.20536
1.098 1.20519
1.099 1.20502
1.1 1.20485
1.101 1.20468
1.102 1.20451
1.103 1.20434
1.104 1.20417
1.105 1.20401
1.106 1.20384
1.107 1.20367
1.108 1.20351
1.109 1.20334
1.11 1.20317
1.111 1.20301
1.112 1.20284
1.113 1.20268
1.114 1.20251
1.115 1.20234
1.116 1.20218
1.117 1.20202
1.118 1.20185
1.119 1.20169
1.12 1.20152
1.121 1.20136
1.122 1.2012
1.123 1.20104
1.124 1.20087
1.125 1.20071
1.126 1.20055
1.127 1.20039
1.128 1.20023
1.129 1.20006
1.13 1.1999
1.131 1.19974
1.132 1.19958
1.133 1.19942
1.134 1.19926
1.135 1.1991
1.136 1.19894
1.137 1.19878
1.138 1.19862
1.139 1.19847
1.14 1.19831
1.141 1.19815
1.142 1.19799
1.143 1.19783
1.144 1.19768
1.145 1.19752
1.146 1.19736
1.147 1.19721
1.148 1.19705
1.149 1.19689
1.15 1.19674
1.151 1.19658
1.152 1.19643
1.153 1.19627
1.154 1.19612
1.155 1.19596
1.156 1.19581
1.157 1.19565
1.158 1.1955
1.159 1.19534
1.16 1.19519
1.161 1.19504
1.162 1.19488
1.163 1.19473
1.164 1.19458
1.165 1.19443
1.166 1.19428
1.167 1.19412
1.168 1.19397
1.169 1.19382
1.17 1.19367
1.171 1.19352
1.172 1.19337
1.173 1.19322
1.174 1.19307
1.175 1.19292
1.176 1.19277
1.177 1.19262
1.178 1.19247
1.179 1.19232
1.18 1.19217
1.181 1.19202
1.182 1.19187
1.183 1.19173
1.184 1.19158
1.185 1.19143
1.186 1.19128
1.187 1.19114
1.188 1.19099
1.189 1.19084
1.19 1.1907
1.191 1.19055
1.192 1.1904
1.193 1.19026
1.194 1.19011
1.195 1.18997
1.196 1.18982
1.197 1.18968
1.198 1.18953
1.199 1.18939
1.2 1.18924
1.201 1.1891
1.202 1.18896
1.203 1.18881
1.204 1.18867
1.205 1.18853
1.206 1.18838
1.207 1.18824
1.208 1.1881
1.209 1.18795
1.21 1.18781
1.211 1.18767
1.212 1.18753
1.213 1.18739
1.214 1.18725
1.215 1.1871
1.216 1.18696
1.217 1.18682
1.218 1.18668
1.219 1.18654
1.22 1.1864
1.221 1.18626
1.222 1.18612
1.223 1.18598
1.224 1.18585
1.225 1.18571
1.226 1.18557
1.227 1.18543
1.228 1.18529
1.229 1.18515
1.23 1.18501
1.231 1.18488
1.232 1.18474
1.233 1.1846
1.234 1.18446
1.235 1.18433
1.236 1.18419
1.237 1.18405
1.238 1.18392
1.239 1.18378
1.24 1.18365
1.241 1.18351
1.242 1.18338
1.243 1.18324
1.244 1.1831
1.245 1.18297
1.246 1.18284
1.247 1.1827
1.248 1.18257
1.249 1.18243
1.25 1.1823
1.251 1.18216
1.252 1.18203
1.253 1.1819
1.254 1.18176
1.255 1.18163
1.256 1.1815
1.257 1.18137
1.258 1.18123
1.259 1.1811
1.26 1.18097
1.261 1.18084
1.262 1.18071
1.263 1.18058
1.264 1.18044
1.265 1.18031
1.266 1.18018
1.267 1.18005
1.268 1.17992
1.269 1.17979
1.27 1.17966
1.271 1.17953
1.272 1.1794
1.273 1.17927
1.274 1.17914
1.275 1.17901
1.276 1.17888
1.277 1.17876
1.278 1.17863
1.279 1.1785
1.28 1.17837
1.281 1.17824
1.282 1.17811
1.283 1.17799
1.284 1.17786
1.285 1.17773
1.286 1.17761
1.287 1.17748
1.288 1.17735
1.289 1.17723
1.29 1.1771
1.291 1.17697
1.292 1.17685
1.293 1.17672
1.294 1.1766
1.295 1.17647
1.296 1.17634
1.297 1.17622
1.298 1.17609
1.299 1.17597
1.3 1.17584
1.301 1.17572
1.302 1.1756
1.303 1.17547
1.304 1.17535
1.305 1.17522
1.306 1.1751
1.307 1.17498
1.308 1.17485
1.309 1.17473
1.31 1.17461
1.311 1.17449
1.312 1.17436
1.313 1.17424
1.314 1.17412
1.315 1.174
1.316 1.17387
1.317 1.17375
1.318 1.17363
1.319 1.17351
1.32 1.17339
1.321 1.17327
1.322 1.17315
1.323 1.17303
1.324 1.17291
1.325 1.17279
1.326 1.17267
1.327 1.17255
1.328 1.17243
1.329 1.17231
1.33 1.17219
1.331 1.17207
1.332 1.17195
1.333 1.17183
1.334 1.17171
1.335 1.17159
1.336 1.17147
1.337 1.17136
1.338 1.17124
1.339 1.17112
1.34 1.171
1.341 1.17088
1.342 1.17077
1.343 1.17065
1.344 1.17053
1.345 1.17041
1.346 1.1703
1.347 1.17018
1.348 1.17006
1.349 1.16995
1.35 1.16983
1.351 1.16972
1.352 1.1696
1.353 1.16948
1.354 1.16937
1.355 1.16925
1.356 1.16914
1.357 1.16902
1.358 1.16891
1.359 1.16879
1.36 1.16868
1.361 1.16856
1.362 1.16845
1.363 1.16834
1.364 1.16822
1.365 1.16811
1.366 1.16799
1.367 1.16788
1.368 1.16777
1.369 1.16765
1.37 1.16754
1.371 1.16743
1.372 1.16731
1.373 1.1672
1.374 1.16709
1.375 1.16698
1.376 1.16686
1.377 1.16675
1.378 1.16664
1.379 1.16653
1.38 1.16642
1.381 1.16631
1.382 1.16619
1.383 1.16608
1.384 1.16597
1.385 1.16586
1.386 1.16575
1.387 1.16564
1.388 1.16553
1.389 1.16542
1.39 1.16531
1.391 1.1652
1.392 1.16509
1.393 1.16498
1.394 1.16487
1.395 1.16476
1.396 1.16465
1.397 1.16454
1.398 1.16443
1.399 1.16432
1.4 1.16422
1.401 1.16411
1.402 1.164
1.403 1.16389
1.404 1.16378
1.405 1.16367
1.406 1.16357
1.407 1.16346
1.408 1.16335
1.409 1.16324
1.41 1.16314
1.411 1.16303
1.412 1.16292
1.413 1.16282
1.414 1.16271
1.415 1.1626
1.416 1.1625
1.417 1.16239
1.418 1.16228
1.419 1.16218
1.42 1.16207
1.421 1.16197
1.422 1.16186
1.423 1.16176
1.424 1.16165
1.425 1.16154
1.426 1.16144
1.427 1.16133
1.428 1.16123
1.429 1.16113
1.43 1.16102
1.431 1.16092
1.432 1.16081
1.433 1.16071
1.434 1.1606
1.435 1.1605
1.436 1.1604
1.437 1.16029
1.438 1.16019
1.439 1.16009
1.44 1.15998
1.441 1.15988
1.442 1.15978
1.443 1.15967
1.444 1.15957
1.445 1.15947
1.446 1.15937
1.447 1.15926
1.448 1.15916
1.449 1.15906
1.45 1.15896
1.451 1.15886
1.452 1.15876
1.453 1.15865
1.454 1.15855
1.455 1.15845
1.456 1.15835
1.457 1.15825
1.458 1.15815
1.459 1.15805
1.46 1.15795
1.461 1.15785
1.462 1.15775
1.463 1.15765
1.464 1.15755
1.465 1.15745
1.466 1.15735
1.467 1.15725
1.468 1.15715
1.469 1.15705
1.47 1.15695
1.471 1.15685
1.472 1.15675
1.473 1.15665
1.474 1.15655
1.475 1.15645
1.476 1.15636
1.477 1.15626
1.478 1.15616
1.479 1.15606
1.48 1.15596
1.481 1.15587
1.482 1.15577
1.483 1.15567
1.484 1.15557
1.485 1.15547
1.486 1.15538
1.487 1.15528
1.488 1.15518
1.489 1.15509
1.49 1.15499
1.491 1.15489
1.492 1.1548
1.493 1.1547
1.494 1.1546
1.495 1.15451
1.496 1.15441
1.497 1.15432
1.498 1.15422
1.499 1.15412
1.5 1.15403
1.501 1.15393
1.502 1.15384
1.503 1.15374
1.504 1.15365
1.505 1.15355
1.506 1.15346
1.507 1.15336
1.508 1.15327
1.509 1.15317
1.51 1.15308
1.511 1.15298
1.512 1.15289
1.513 1.1528
1.514 1.1527
1.515 1.15261
1.516 1.15251
1.517 1.15242
1.518 1.15233
1.519 1.15223
1.52 1.15214
1.521 1.15205
1.522 1.15195
1.523 1.15186
1.524 1.15177
1.525 1.15168
1.526 1.15158
1.527 1.15149
1.528 1.1514
1.529 1.15131
1.53 1.15121
1.531 1.15112
1.532 1.15103
1.533 1.15094
1.534 1.15085
1.535 1.15075
1.536 1.15066
1.537 1.15057
1.538 1.15048
1.539 1.15039
1.54 1.1503
1.541 1.15021
1.542 1.15012
1.543 1.15003
1.544 1.14993
1.545 1.14984
1.546 1.14975
1.547 1.14966
1.548 1.14957
1.549 1.14948
1.55 1.14939
1.551 1.1493
1.552 1.14921
1.553 1.14912
1.554 1.14903
1.555 1.14894
1.556 1.14886
1.557 1.14877
1.558 1.14868
1.559 1.14859
1.56 1.1485
1.561 1.14841
1.562 1.14832
1.563 1.14823
1.564 1.14814
1.565 1.14806
1.566 1.14797
1.567 1.14788
1.568 1.14779
1.569 1.1477
1.57 1.14762
1.571 1.14753
1.572 1.14744
1.573 1.14735
1.574 1.14727
1.575 1.14718
1.576 1.14709
1.577 1.147
1.578 1.14692
1.579 1.14683
1.58 1.14674
1.581 1.14666
1.582 1.14657
1.583 1.14648
1.584 1.1464
1.585 1.14631
1.586 1.14623
1.587 1.14614
1.588 1.14605
1.589 1.14597
1.59 1.14588
1.591 1.1458
1.592 1.14571
1.593 1.14562
1.594 1.14554
1.595 1.14545
1.596 1.14537
1.597 1.14528
1.598 1.1452
1.599 1.14511
1.6 1.14503
1.601 1.14494
1.602 1.14486
1.603 1.14478
1.604 1.14469
1.605 1.14461
1.606 1.14452
1.607 1.14444
1.608 1.14435
1.609 1.14427
1.61 1.14419
1.611 1.1441
1.612 1.14402
1.613 1.14394
1.614 1.14385
1.615 1.14377
1.616 1.14369
1.617 1.1436
1.618 1.14352
1.619 1.14344
1.62 1.14335
1.621 1.14327
1.622 1.14319
1.623 1.14311
1.624 1.14302
1.625 1.14294
1.626 1.14286
1.627 1.14278
1.628 1.14269
1.629 1.14261
1.63 1.14253
1.631 1.14245
1.632 1.14237
1.633 1.14229
1.634 1.1422
1.635 1.14212
1.636 1.14204
1.637 1.14196
1.638 1.14188
1.639 1.1418
1.64 1.14172
1.641 1.14164
1.642 1.14156
1.643 1.14147
1.644 1.14139
1.645 1.14131
1.646 1.14123
1.647 1.14115
1.648 1.14107
1.649 1.14099
1.65 1.14091
1.651 1.14083
1.652 1.14075
1.653 1.14067
1.654 1.14059
1.655 1.14051
1.656 1.14043
1.657 1.14035
1.658 1.14028
1.659 1.1402
1.66 1.14012
1.661 1.14004
1.662 1.13996
1.663 1.13988
1.664 1.1398
1.665 1.13972
1.666 1.13964
1.667 1.13957
1.668 1.13949
1.669 1.13941
1.67 1.13933
1.671 1.13925
1.672 1.13917
1.673 1.1391
1.674 1.13902
1.675 1.13894
1.676 1.13886
1.677 1.13878
1.678 1.13871
1.679 1.13863
1.68 1.13855
1.681 1.13848
1.682 1.1384
1.683 1.13832
1.684 1.13824
1.685 1.13817
1.686 1.13809
1.687 1.13801
1.688 1.13794
1.689 1.13786
1.69 1.13778
1.691 1.13771
1.692 1.13763
1.693 1.13755
1.694 1.13748
1.695 1.1374
1.696 1.13733
1.697 1.13725
1.698 1.13717
1.699 1.1371
1.7 1.13702
1.701 1.13695
1.702 1.13687
1.703 1.1368
1.704 1.13672
1.705 1.13665
1.706 1.13657
1.707 1.1365
1.708 1.13642
1.709 1.13635
1.71 1.13627
1.711 1.1362
1.712 1.13612
1.713 1.13605
1.714 1.13597
1.715 1.1359
1.716 1.13582
1.717 1.13575
1.718 1.13567
1.719 1.1356
1.72 1.13553
1.721 1.13545
1.722 1.13538
1.723 1.1353
1.724 1.13523
1.725 1.13516
1.726 1.13508
1.727 1.13501
1.728 1.13494
1.729 1.13486
1.73 1.13479
1.731 1.13472
1.732 1.13464
1.733 1.13457
1.734 1.1345
1.735 1.13442
1.736 1.13435
1.737 1.13428
1.738 1.13421
1.739 1.13413
1.74 1.13406
1.741 1.13399
1.742 1.13392
1.743 1.13384
1.744 1.13377
1.745 1.1337
1.746 1.13363
1.747 1.13356
1.748 1.13349
1.749 1.13341
1.75 1.13334
1.751 1.13327
1.752 1.1332
1.753 1.13313
1.754 1.13306
1.755 1.13298
1.756 1.13291
1.757 1.13284
1.758 1.13277
1.759 1.1327
1.76 1.13263
1.761 1.13256
1.762 1.13249
1.763 1.13242
1.764 1.13235
1.765 1.13228
1.766 1.13221
1.767 1.13213
1.768 1.13206
1.769 1.13199
1.77 1.13192
1.771 1.13185
1.772 1.13178
1.773 1.13171
1.774 1.13164
1.775 1.13157
1.776 1.1315
1.777 1.13143
1.778 1.13137
1.779 1.1313
1.78 1.13123
1.781 1.13116
1.782 1.13109
1.783 1.13102
1.784 1.13095
1.785 1.13088
1.786 1.13081
1.787 1.13074
1.788 1.13067
1.789 1.1306
1.79 1.13054
1.791 1.13047
1.792 1.1304
1.793 1.13033
1.794 1.13026
1.795 1.13019
1.796 1.13013
1.797 1.13006
1.798 1.12999
1.799 1.12992
1.8 1.12985
