0.01 1.08172
0.011 1.08946
0.012 1.09713
0.013 1.10473
0.014 1.11226
0.015 1.11971
0.016 1.12709
0.017 1.1344
0.018 1.14164
0.019 1.14881
0.02 1.1559
0.021 1.16294
0.022 1.1699
0.023 1.1768
0.024 1.18363
0.025 1.19039
0.026 1.19709
0.027 1.20373
0.028 1.2103
0.029 1.2168
0.03 1.22325
0.031 1.22963
0.032 1.23596
0.033 1.24222
0.034 1.24842
0.035 1.25456
0.036 1.26064
0.037 1.26667
0.038 1.27264
0.039 1.27855
0.04 1.2844
0.041 1.2902
0.042 1.29594
0.043 1.30163
0.044 1.30726
0.045 1.31284
0.046 1.31837
0.047 1.32385
0.048 1.32927
0.049 1.33464
0.05 1.33996
0.051 1.34523
0.052 1.35045
0.053 1.35562
0.054 1.36074
0.055 1.36581
0.056 1.37084
0.057 1.37582
0.058 1.38075
0.059 1.38563
0.06 1.39047
0.061 1.39526
0.062 1.40001
0.063 1.40471
0.064 1.40937
0.065 1.41399
0.066 1.41856
0.067 1.42309
0.068 1.42758
0.069 1.43202
0.07 1.43643
0.071 1.44079
0.072 1.44511
0.073 1.44939
0.074 1.45363
0.075 1.45784
0.076 1.462
0.077 1.46612
0.078 1.47021
0.079 1.47426
0.08 1.47827
0.081 1.48224
0.082 1.48618
0.083 1.49008
0.084 1.49394
0.085 1.49777
0.086 1.50156
0.087 1.50532
0.088 1.50905
0.089 1.51273
0.09 1.51639
0.091 1.52001
0.092 1.5236
0.093 1.52715
0.094 1.53068
0.095 1.53417
0.096 1.53763
0.097 1.54105
0.098 1.54445
0.099 1.54781
