0 1 2.39709
0.01 1.00006 2.56048
0.02 1.00091 2.97488
0.03 1.00408 3.54856
0.04 1.01114 4.24004
0.05 1.0231 5.02842
0.06 1.04035 5.89769
0.07 1.06282 6.83232
0.08 1.09022 7.81653
0.09 1.1221 8.8347
0.1 1.15798 9.87197
0.11 1.19738 10.9148
0.12 1.2398 11.9512
0.13 1.2848 12.9714
0.14 1.33192 13.967
0.15 1.38074 14.9318
0.16 1.43087 15.8611
0.17 1.48196 16.7517
0.18 1.53366 17.6015
0.19 1.58563 18.4096
0.2 1.63766 19.1758
0.21 1.68945 19.9005
0.22 1.74081 20.5848
0.23 1.79155 21.2299
0.24 1.84149 21.8373
0.25 1.89052 22.4088
0.26 1.9385 22.9462
0.27 1.98537 23.4513
0.28 2.03103 23.926
0.29 2.07548 24.3721
0.3 2.11859 24.7913
0.31 2.16041 25.1854
0.32 2.20093 25.5559
0.33 2.24018 25.9045
0.34 2.27798 26.2325
0.35 2.31454 26.5414
0.36 2.34985 26.8323
0.37 2.38388 27.1065
0.38 2.41665 27.3652
0.39 2.4482 27.6093
0.4 2.47858 27.8398
0.41 2.50793 28.0577
0.42 2.53595 28.2637
0.43 2.56311 28.4586
0.44 2.58916 28.6432
0.45 2.61426 28.8181
0.46 2.63836 28.9839
0.47 2.66151 29.1412
0.48 2.68386 29.2906
0.49 2.70534 29.4326
0.5 2.72599 29.5675
0.51 2.74587 29.6959
0.52 2.765 29.8181
0.53 2.78343 29.9345
0.54 2.80109 30.0454
0.55 2.81813 30.1512
0.56 2.83459 30.2522
0.57 2.85041 30.3486
0.58 2.86569 30.4408
0.59 2.88029 30.5288
0.6 2.89443 30.6131
0.61 2.90821 30.6937
0.62 2.92125 30.7709
0.63 2.93387 30.8448
0.64 2.94629 30.9157
0.65 2.95804 30.9837
0.66 2.96954 31.049
0.67 2.98048 31.1116
0.68 2.99118 31.1718
0.69 3.00144 31.2296
0.7 3.01101 31.2851
0.71 3.02096 31.3386
0.72 3.03045 31.39
0.73 3.03899 31.4395
0.74 3.04744 31.4872
0.75 3.0564 31.5332
0.76 3.06457 31.5774
0.77 3.07202 31.6201
0.78 3.07982 31.6613
0.79 3.08666 31.7011
0.8 3.09639 31.7395
0.81 3.10115 31.7765
0.82 3.10929 31.8124
0.83 3.11562 31.847
0.84 3.1204 31.8804
0.85 3.12689 31.9128
0.86 3.13328 31.9441
0.87 3.13892 31.9744
0.88 3.14523 32.0037
0.89 3.15175 32.0322
0.9 3.15311 32.0597
0.91 3.16024 32.0864
0.92 3.16766 32.1122
0.93 3.16678 32.1373
0.94 3.17098 32.1616
0.95 3.18117 32.1852
0.96 3.1847 32.2081
0.97 3.18505 32.2303
0.98 3.19498 32.2519
0.99 3.1986 32.2729
1 3.19154 32.2932
1.01 3.2053 32.313
1.02 3.21811 32.3322
1.03 3.21127 32.351
1.04 3.219 32.3691
1.05 3.23054 32.3868
1.06 3.23208 32.4041
1.07 3.2205 32.4208
1.08 3.23312 32.4371
1.09 3.23199 32.453
1.1 3.23687 32.4685
1.11 3.23799 32.4836
1.12 3.241 32.4982
1.13 3.24395 32.5126
1.14 3.24658 32.5265
1.15 3.24946 32.5401
1.16 3.25207 32.5534
1.17 3.25482 32.5663
1.18 3.25728 32.5789
1.19 3.25955 32.5912
1.2 3.26195 32.6032
1.21 3.26458 32.615
1.22 3.26713 32.6264
1.23 3.26901 32.6376
1.24 3.27129 32.6485
1.25 3.27344 32.6592
1.26 3.27567 32.6696
1.27 3.27758 32.6798
1.28 3.27992 32.6897
1.29 3.28176 32.6995
1.3 3.28393 32.709
1.31 3.28557 32.7183
1.32 3.28764 32.7274
1.33 3.28928 32.7363
1.34 3.29062 32.745
1.35 3.2929 32.7535
1.36 3.29497 32.7618
1.37 3.29623 32.77
1.38 3.29798 32.778
1.39 3.29992 32.7858
1.4 3.30144 32.7934
1.41 3.30215 32.8009
1.42 3.30472 32.8083
1.43 3.30575 32.8154
1.44 3.30763 32.8225
1.45 3.30797 32.8294
1.46 3.3103 32.8362
1.47 3.31119 32.8428
1.48 3.3129 32.8493
1.49 3.31525 32.8557
1.5 3.31574 32.8619
1.51 3.3174 32.868
1.52 3.31758 32.874
1.53 3.31838 32.8799
1.54 3.31847 32.8857
1.55 3.32066 32.8914
1.56 3.32393 32.897
1.57 3.325 32.9024
1.58 3.32394 32.9078
1.59 3.32657 32.913
1.6 3.32587 32.9182
1.61 3.32855 32.9233
1.62 3.32974 32.9282
1.63 3.3294 32.9331
1.64 3.33007 32.9379
1.65 3.33117 32.9427
1.66 3.33389 32.9473
1.67 3.33338 32.9518
1.68 3.33468 32.9563
1.69 3.33674 32.9607
1.7 3.3353 32.965
1.71 3.33855 32.9693
1.72 3.34017 32.9734
1.73 3.34039 32.9775
1.74 3.34084 32.9816
1.75 3.34137 32.9855
1.76 3.34184 32.9894
1.77 3.34347 32.9932
1.78 3.34508 32.997
1.79 3.34297 33.0007
1.8 3.34563 33.0044
1.81 3.34255 33.0079
1.82 3.34614 33.0115
1.83 3.34568 33.0149
1.84 3.35128 33.0184
1.85 3.34835 33.0217
1.86 3.34877 33.025
1.87 3.3497 33.0283
1.88 3.35018 33.0315
1.89 3.35171 33.0346
1.9 3.35324 33.0377
1.91 3.35172 33.0408
1.92 3.34899 33.0438
1.93 3.35156 33.0468
1.94 3.35236 33.0497
1.95 3.35495 33.0526
1.96 3.34917 33.0554
1.97 3.35497 33.0582
1.98 3.35865 33.0609
1.99 3.35727 33.0636
