0 0.990546
500 0.998487
1000 1.00917
1500 1.00008
2000 0.995507
2500 1.00043
3000 0.987824
3500 1.00911
4000 1.00057
4500 1.0016
5000 1.01116
5500 1.00984
6000 0.985285
6500 1.00628
7000 0.994426
7500 1.00614
8000 0.993764
8500 1.00319
9000 1.00856
9500 0.995434
10000 1.00792
10500 1.00286
11000 1.00333
11500 1.0066
12000 1.00573
12500 0.999105
13000 0.999721
13500 0.996439
14000 1.0027
14500 1.00249
15000 1.00053
15500 1.00952
16000 1.00116
16500 0.996196
17000 0.980209
17500 1.01087
18000 1.0074
18500 1.00703
19000 1.00426
19500 1.00044
20000 1.0127
20500 1.01061
21000 1.00664
21500 0.984977
22000 0.996709
22500 1.01046
23000 1.00531
23500 1.01351
24000 1.00115
24500 1.00017
25000 1.00223
25500 0.997739
26000 1.00453
26500 0.993833
27000 1.00265
27500 1.01102
28000 0.997003
28500 1.00074
29000 0.991168
29500 1.00816
30000 0.996977
30500 1.00367
31000 1.00246
31500 0.997102
32000 0.999922
32500 0.996178
33000 0.993558
33500 0.987264
34000 1.0219
34500 0.990253
35000 1.01637
35500 0.989628
36000 1.01027
36500 0.990597
37000 0.974705
37500 1.00448
38000 0.991067
38500 1.02287
39000 1.00402
39500 1.00917
40000 0.995081
40500 1.01316
41000 0.999327
41500 1.00302
42000 0.97382
42500 0.996023
43000 0.998974
43500 0.994543
44000 1.02404
44500 0.987579
45000 0.999445
45500 0.987763
46000 0.997401
46500 0.995758
47000 0.990007
47500 0.994185
48000 1.00966
48500 0.998066
49000 0.999556
49500 1.00145
50000 0.989675
50500 1.02414
51000 0.991259
51500 1.01769
52000 0.999583
52500 1.00813
53000 1.00304
53500 0.991814
54000 1.0025
54500 1.01141
55000 0.997797
55500 0.999434
56000 1.01489
56500 0.9946
57000 0.990035
57500 0.977583
58000 1.00194
58500 1.01012
59000 1.00446
59500 1.01218
60000 1.01089
60500 0.983258
61000 1.00372
61500 1.00901
62000 0.999896
62500 0.986831
63000 1.00453
63500 0.982227
64000 0.98271
64500 0.982549
65000 0.98438
65500 1.00239
66000 0.994213
66500 1.01668
67000 1.00942
67500 0.979648
68000 1.00545
68500 0.993954
69000 0.990698
69500 0.988474
70000 1.00702
70500 1.02226
71000 0.992459
71500 0.996764
72000 0.997479
72500 0.992495
73000 0.97608
73500 1.01904
74000 1.03106
74500 1.00952
75000 0.991451
75500 1.01972
76000 0.994883
76500 0.966548
77000 0.986134
77500 1.00958
78000 1.0119
78500 1.01716
79000 1.05934
79500 1.02272
80000 1.00159
80500 0.98264
81000 0.993343
81500 0.976748
82000 0.978978
82500 0.996881
83000 0.993909
83500 0.98424
84000 1.00006
84500 1.02084
85000 0.998217
85500 1.02551
86000 0.972849
86500 0.998484
87000 0.963313
87500 0.946131
88000 0.979207
88500 0.992828
89000 1.01149
89500 1.00654
90000 1.03665
90500 1.0343
91000 1.00994
91500 0.989418
92000 0.996721
92500 0.9375
93000 1.01635
93500 1.01259
94000 1.02973
94500 1.00451
95000 0.951417
95500 0.978758
96000 0.965444
96500 1.01
97000 1.10816
97500 0.983673
98000 1.04615
98500 1.02273
99000 0.803922
99500 1
