61.041
145.037
153.096
192.353
201.339
385.762
405.136
416.956
457.223
477.782
527.257
835.527
1087.66
1255.5
1320.93
1367.63
1390.61
1407.12
1495.32
1497.78
1538.76
1644.3
1833.02
1932.17
1976.13
1988.51
2024.82
2032.99
2035.97
2126.82
2149.63
2152.31
2258.45
2370.6
2449.71
2513.83
2582.98
2593.5
2612.68
2619.1
2651.63
2724.61
2729.55
2749.38
2773.72
2800.75
2820.55
2927.51
2930.63
3087.28
3110.41
3150.02
3192.77
3204.99
3425.56
3435.11
3503.14
3520.86
3539.62
3569.12
3654.65
3713.14
3842.69
3886.28
3894.86
3926.78
4076.7
4111.9
4141.36
4357.46
4371.85
4642.75
4800.78
4821.04
4936.35
4969.71
5009.74
5297.19
5436.22
5475.37
5631.29
5743.85
5856.2
5868.65
5882.98
5890.4
6143.87
6164.25
6233.82
6285.98
6329.22
6343.04
6443.17
6487.05
6546.9
6634.36
6648.03
6682.9
6692.92
6709.81
6806.62
6871.66
6925.6
6981.18
7052.76
7067.87
7087.83
7394.93
7532.44
7561.66
7570.95
7584.34
7609.44
7625.18
7695.4
7703.38
7708.27
7716.97
7750.31
7751.84
7837.05
7850.11
8022.67
8040.34
8143.07
8154.31
8202.92
8215.12
8390.73
8410.22
8428.67
8459.47
8648.25
8663.69
8763.34
8832.33
8834.27
8893.73
8981.94
8983.52
9025.95
9066.61
9127.1
9238.24
9245.9
9248.97
9259.9
9355.43
9491.29
9520.27
9583.15
9731.96
9760.24
9798.7
9942.09
10048.1
10055.2
10055.5
10229
10263.1
10328.3
10342.5
10393.5
10408.9
10450.7
10501.4
10636.8
10646.2
10665.9
10697.3
10725.3
10759.7
10904.2
10937.2
11010.9
11012.2
11042.8
11121.8
11206
11249.9
11360
11368.2
11531.3
11540.2
11552.3
11583.9
11612.1
11649.8
11691.8
11824.1
11909.7
11916.3
11978.8
11980.7
12035.7
12047.2
12047.8
12066.3
12071.7
12086.1
12249.2
12268.4
12319.9
12497.5
12656.9
12691.4
12702.3
12722.2
12772.3
12807.8
12854.9
12957.7
12983.2
13004.2
13147.7
13177
13178.4
13188.4
13231.7
13247.3
13283.6
13297.6
13533.1
13606.3
13612.9
13661.4
13703.2
13715.8
13809.6
13823.5
13920.2
13980.5
14002.5
14007.4
14011.6
14044.4
14196.1
14213
14309.2
14367.1
14386.7
14403.9
14434.4
14437.5
14461.2
14499.2
14510.3
14573.7
14584.8
14829.4
14831.3
14912.1
14928.4
14950.3
14975.5
15024.9
15087.3
15124.4
15287.4
15291
15354.6
15370.4
15457
15488.4
15538.6
15538.6
15548.5
15569.2
15570.7
15599.1
15647.7
15665
15738.4
15808.7
15877.9
15914
16073.7
16139
16275.9
16376
16422.6
16553.3
16560
16708.1
16728.3
16787.7
16854.1
17031.1
17119.9
17134.4
17167.1
17211.3
17226.3
17402.6
17419.3
17475.3
17736.2
17737
17747.8
17758.4
17764.5
17773.6
17800.2
17906.5
17950.2
18064.3
18072.4
18155.2
18156.7
18386.9
18392.5
18521.6
18605.7
18690.3
18763.3
18788.3
18851.6
18897.8
19084
19097.5
19201.6
19252.4
19362.1
19414.3
19473
19486.6
19495.3
19692.7
19694.6
19751.7
19848.5
19879.5
19890.8
19939.5
19953.8
19999.2
20002.3
20067.4
20155.1
20349.2
20368.6
20485
20494.4
20509.5
20511.4
20522
20577.2
20634.2
20641.8
20662.4
20916.8
20952.8
20976
21044.6
21061.2
21071.1
21082.5
21143.6
21191.1
21302
21420.7
21546.4
21702
21720.8
21741.8
21856.6
21894.5
21898
21948.2
22011.4
22099.8
22124.2
22124.4
22338.2
22368.3
22393.9
22395.4
22413.1
22508.5
22529.7
22533.4
22540.1
22554.4
22555.5
22559.8
22666.4
22837.2
22838.3
22867
22972.8
23046.5
23232.1
23256.3
23350.4
23441.5
23464.3
23511.4
23590.6
23635.8
23654
23684.3
23710.5
23772.2
23946.9
24050.8
24159.5
24186.6
24260
24276.7
24294.9
24336.1
24340.3
24397.3
24456.9
24498.2
24554.3
24563.4
24570.7
24678.6
24685.7
24849.9
24966.6
25037.5
25100.4
25103.5
25139.6
25215
25231.2
25304.6
25373.1
25448.1
25476.3
25491.8
25613.6
25615.5
25665.4
25670.3
25750.7
25759.9
25830.6
25883.8
25915.6
25952.4
25990.7
26050.4
26102.6
26220.3
26234.7
26302.6
26336.9
26350.6
26365.9
26381.6
26529.4
26541.8
26577.2
26691.7
26762
27024.8
27055.6
27110.6
27112.8
27131.6
27278.4
27332.6
27458.1
27488.8
27528.6
27554.7
27627
27784.6
27880.8
27886.4
27906.3
27931.3
27987.1
28153.8
28166.9
28170.6
28170.7
28399.2
28413.8
28497.5
28513.9
28797.7
28807
28885.7
28939.4
29017.9
29031.1
29130.3
29454.5
29479
29541.2
29548.5
29565.2
29595.2
29669.5
29760.7
29804.9
29824.7
29960.9
29967.1
30081.4
30093.2
30375.2
30432.6
30432.7
30452.5
30464.3
30484.9
30486.9
30618
30720.5
30728
30850.2
30919.8
30928.3
30938
31186.9
31251.3
31252.3
31299.2
31423.9
31434.1
31476.9
31513.2
31590
31612.2
31633.2
31655.7
31676.4
31676.8
31789.3
31795.8
31801.7
31881.7
31897.6
31995.6
32007
32050.5
32063.5
32084.6
32138.4
32149.3
32343.3
32433.6
32479
32573
32634.8
32655.6
32717
32717.4
32729.5
32847.1
32870.4
32879.5
32911.4
32919.1
32930.5
33002
33081
33134.4
33186
33267.4
33408.2
33408.9
33411.7
33482.3
33484
33501.5
33515
33528.3
33603.9
33637.3
33646.1
33646.3
33790.5
33805.3
33812.4
33828.2
33833
33877
33968.5
33968.7
33999.4
34070.9
34094.1
34135.9
34281.5
34310.8
34319.1
34331.4
34355.7
34374.3
34381.3
34398.6
34417.4
34447.8
34462.9
34686.4
34842.7
34862.3
34950.7
34970.2
34986.6
34997.8
35029.6
35053.1
35071.4
35077.5
35087.6
35117.2
35123.1
35143.2
35289.1
35356.5
35356.7
35361.6
35380.7
35431.4
35448.7
35451.4
35541.3
35580
35942.6
36065.9
36118.7
36156.5
36226.9
36314.7
36366.7
36366.8
36503.5
36524.6
36528.5
36548.7
36560.2
36951
36978.5
36985.6
37035.3
37084.3
37182.5
37236.9
37283
37429.4
37478.2
37530
37654.3
37678.3
37705.6
37847.2
37857.9
37902.9
37906.4
37916.9
37928.5
37969.4
37971.4
38010.2
38055
38073.7
38183.1
38307.2
38357.5
38366
38393.5
38424.7
38522.2
38569.9
38673.3
38710
38775.4
38797.6
38803.1
38844.7
38845.2
38954.9
38977.1
39016.4
39071.1
39220.2
39525
39706.1
39721
39721.4
39914.8
39927.1
39928.6
39949.2
40123.8
40129
40167.7
40168.1
40174.8
40224.1
40288
40303.9
40394.1
40428.9
40510.1
40510.8
40562.1
40565.7
40655.4
40811.5
40873.5
40920.4
40941.4
41135.6
41141.8
41263
41311.5
41318.6
41468.3
41604.9
41634.2
41645.2
41679.1
41691.5
41733.8
41746.9
41787.1
42052.3
42066.8
42117.7
42134
42177.7
42245.1
42305.4
42360.1
42569.3
42610.1
42633.3
42669.6
42670.8
42677.3
42733.7
42839.9
42883.5
42884.6
42926.6
42978.1
43000.1
43066.1
43089.8
43188.3
43296.7
43435.2
43456.7
43457.8
43490.3
43515.8
43654.2
43698.4
43723.5
43729.9
43736.8
43790.6
43817.2
44207.5
44229.3
44280.5
44282.6
44288.5
44291.3
44382.7
44393.9
44502.9
44523.8
44758.1
44890.5
45064.6
45070.2
45100.2
45135.3
45181.2
45209.8
45238.4
45238.4
45288.8
45390.8
45404.9
45461.8
45482.1
45644.6
45647.8
45679.6
45741.9
45979.7
46044.2
46080.3
46119.5
46183.4
46262.4
46277.3
46278.1
46356.9
46357.3
46584.8
46713.4
46716
46716
46773.2
46781.9
46800.6
46803.1
47153.7
47227.3
47293.3
47328
47385.9
47400.3
47550.1
47656.6
47785.6
47791
47838.1
47847.7
47856.3
47895.1
47899.5
47951.9
47960.1
48130.8
48195.1
48244.2
48353.7
48367.1
48385.2
48387.1
48414.1
48441.4
48507.4
48518
48638.1
48778.3
48810.8
48851.9
48982.6
48993.4
49078.1
49139.1
49162.9
49182.7
49182.9
49183.9
49251.9
49310
49494.7
49553.3
49605.4
49653.5
49712
49835.5
49835.7
49847.1
49885.4
50210.6
50271.1
50279.3
50298.3
50341.4
50342.8
50350.6
50356.6
50388.7
50605
50873.1
50879.5
50895.7
50949
50971.4
51077.9
51144.6
51381.1
51559.8
51589.2
51679.7
51705.2
51715
51715.6
51721.1
51736.6
51895.4
51898.5
51906.8
51960.6
52020.4
52141.7
52231
52266.8
52283.1
52402.3
52415.5
52447.3
52510.2
52560.1
52606
52654.2
52719.4
52783.4
52905.6
52954.5
52969.8
52998.3
53066.1
53227.6
53327
53359.9
53378.1
53607.7
53655.3
53701.7
53788.2
53842.9
54036.6
54049.7
54063.3
54302.1
54313
54313.1
54348.1
54411
54421.6
54423.7
54430.3
54558.1
54585.8
54767.2
54814.7
54826.5
54883.8
54975.8
55143.8
55144
55146.8
55186.3
55212.4
55306.7
55362.2
55479.2
55484
55486.3
55497.7
55583.9
55714.6
55872.8
55910.2
56134
56171
56234.8
56263.8
56276
56298.9
56403.2
56517
56552.5
57126.7
57166.9
57183
57264
57292.5
57375.7
57425
57436.1
57490.8
57492.9
57573.8
57632.8
57755.6
57928.6
58037.8
58044.3
58078.5
58099.1
58147.6
58168.2
58190.7
58217.1
58311.2
58329.1
58451.5
58499
58600.4
58612.6
58636.8
58639
58777.6
58795.4
58833.6
58865.5
58892.5
58903.2
58930.3
58951.4
59126.7
59173.7
59288.8
59292.2
59306.8
59317.7
59323.8
59396.2
59524.6
59560.2
59781.7
59902.3
59937.2
60075.8
60089.7
60272.2
60282.8
60284.2
60315.4
60325.9
60426.3
60610.3
60618.8
60686.5
60819.4
60905.4
60926.4
61026.7
61051.2
61060.2
61192.4
61314.5
61322
61326.5
61345
61357.7
61420.9
61763
61801.7
61829.9
61842.5
61887.7
61960.1
62063.6
62126.6
62153.4
62169.9
62232.2
62239.8
62416.1
62423
62487.2
62566.9
62599.8
62644
62646.6
62717.8
62809.4
63077.7
63080.2
63081.5
63088.7
63096.9
63190.4
63265.1
63383.1
63435.7
63469
63482.7
63653.2
63672.5
63690.5
63777.9
63818.6
63861.5
63865.4
63875.3
63893.4
63970.7
63979.9
64177.7
64337.2
64368.6
64420.7
64497.6
64634.6
64686.7
64738.7
64867.9
64900.5
64903.4
64930.2
64939.8
64943.9
64945.8
64971.3
65011.2
65266.3
65273.9
65343.1
65368.2
65389.3
65534
65548.6
65553.4
65575.5
65608.5
65689.6
65703.2
65759.6
65790.3
65805.3
65839
65907.3
65942.5
66014.9
66248.8
66258
66344.1
66361
66389.9
66448.3
66572.9
66587.9
66594.6
66631.3
66720.7
66729.3
66782
66833.5
67161.4
67185.6
67194.2
67294.5
67582.9
67588.9
67608.1
67731.5
67745.5
67855.8
67878
67893
67960.8
68012.1
68068.9
68119.5
68130.3
68137.2
68283.8
68292.3
68442.8
68453.9
68601.8
68656.1
68661.9
68756
68812.7
68813.6
68893.9
68944.8
69017.1
69080.5
69149.6
69235.7
69287.8
69349.3
69449.5
69467.2
69485
69595.3
69633.5
69675.9
69906.6
69927.6
70001.8
70025.2
70132.7
70166.1
70218
70255.2
70314.5
70411.4
70479.9
70545.5
70563.4
70580.5
70626.4
70646.6
70751.1
70752.9
70759.6
70845.8
70889.2
71324.5
71343.8
71456.2
71542.6
71612.5
71655.6
71660.1
71738.4
71855
71890.7
71986.1
72042.6
72050.7
72113.9
72126.4
72148.1
72190.4
72340.7
72442.2
72525.7
72532
72552.1
72566.2
72594.4
72594.9
72611.9
72765.3
72930.6
72995.7
73010.8
73118
73133.6
73157
73158.1
73230.5
73284.7
73285.7
73317.8
73510.4
73607
73635.5
73648.8
73653.1
73674.1
73885.2
73918.2
73926
73965.3
73968
74010.5
74015.9
74017.3
74113.1
74146.6
74226
74230.2
74319.9
74334.8
74511.2
74517.1
74555.9
74794.9
74971.9
74999.3
75085.4
75196
75347.4
75498.1
75502.8
75761.2
75791.4
75885.2
75893.4
75908.2
75908.8
76064
76242.2
76243.7
76304.2
76332.8
76376
76389.1
76394.9
76521.2
76654.1
76678.1
76686.9
76703.4
76706.2
76992.5
77031.2
77181.6
77234.4
77244
77401
77464.6
77473.1
77473.1
77657.9
77799.7
77802.1
77812.3
77838.6
77845.9
77928.7
77976.4
78022.8
78131.3
78185.2
78264.5
78296.5
78372.1
78414.9
78438
78699.7
78701.4
78758
78774.4
78849.9
78915.7
79053.1
79099
79115.1
79176.1
79293.4
79392
79478.8
79702
79752.7
79931.4
79971.9
80331.1
80412.3
80477.9
80557.1
80569.9
80576
80622.8
80663.8
80717.8
81019.6
81037.1
81152.9
81224.7
81324.5
81344
81418.1
81431.4
81477.1
81489.1
81525.2
81548.4
81554.2
81579.4
81586.7
81661.6
81681.5
81859.7
81883.4
82005.9
82026.6
82047.5
82067.1
82100.8
82226.6
82311.3
82325.9
82407
82439.6
82472.8
82489.9
82592.6
82622.3
82737.2
82739.1
82777.1
82915.1
83126.7
83485.8
83528.4
83600.9
83603.2
83608.7
83650.3
83812.8
83875.3
83906.3
83966.4
84010.7
84121.8
84189.4
84235
84308.5
84348.1
84383.7
84448.7
84610.5
84750.8
84829.7
84937.5
85165.4
85221.4
85436.3
85461.5
85471
85515.9
85541.4
85553
85611.2
85618.3
85640.7
85768.3
85834.6
85843.6
85844
85911
85987.6
86146.9
86231.4
86304.6
86358
86368.8
86387.4
86409.6
86412.9
86479
86531.6
86594.9
86622.7
86676.2
86686.8
86734.3
86753.1
86889.2
86900.4
86907.9
86922.9
87009.9
87058.6
87062.8
87132.7
87194.3
87216.3
87260.4
87276.6
87599.6
87667.9
87683.3
87717.2
87884.9
87919
87952.2
87954
87988.8
88038
88065.2
88163.2
88199.4
88201.5
88234.6
88269.9
88341.4
88346.5
88396.8
88574.5
88588.9
88591.4
88796.7
88896.1
89081.4
89148.4
89231.4
89256.2
89306.9
89384.9
89442.6
89447.2
89492.7
89527.4
89555.2
89736.2
89929.1
89936.7
89967.5
90105.2
90474.1
90491.8
90516.7
90596.5
90709.3
90729.6
90733.6
90819
91001.8
91097.1
91161.1
91181.9
91198.2
91287
91315.9
91360.8
91375.6
91381
91467.2
91477.5
91548.5
91558.2
91623
91635.8
91694.3
91893.4
92019.6
92033.3
92244.7
92247.5
92259.1
92283.4
92341.6
92433.3
92510.9
92553.2
92577.9
92608.1
92636.9
92854.7
92864.9
92867.8
92923.1
92929.6
92947
92961.7
93013.7
93105.2
93132
93134.4
93309.6
93324.1
93344.8
93379.7
93384.3
93436.5
93438
93442.1
93450.4
93544.8
93568.5
93680.4
93708.5
93716.9
93719
93745.5
93998.7
94101.8
94325.8
94330.7
94334.2
94348.4
94381.9
94452.9
94517.5
94523.8
94534.7
94545.9
94685
94842.8
94865.5
95007.7
95166.4
95302
95437
95795
95928.3
95940.6
95977.4
96165.7
96243.2
96259.2
96341.4
96374.4
96374.9
96484.3
96591.7
96593.4
96650
96680.2
96816.9
96920.2
96921.4
96923.9
96974
96974.5
97184.2
97198.3
97333.1
97339.5
97446.3
97810.9
97814.4
97845.2
97942.5
97962.9
98022.7
98044.2
98168.7
98227.7
98290.9
98419.8
98474.4
98477.1
98606.5
98713
98732.6
98769.1
98913.3
99012.6
99091.1
99359.3
99439.8
99445
99494.4
99607.6
99620.6
99684.3
99718.4
99745.3
99756.5
99853.8
99856.2
99864.1
99931.9
99936.7
