465.841
536.93
547.083
797.874
798.862
842.585
872.047
875.474
892.731
897.99
943.486
1024.25
1095.17
1152.96
1180.99
1335.85
1368.24
1410.76
1432.84
1466.54
1748.49
1855.9
1953.62
2017.96
2088.76
2219.03
2235.69
2318.43
2341.85
2407.83
2457.78
2468.01
2735.11
2772.27
2807.02
2891
2949.21
3034.85
3061.46
3123.08
3164.63
3431.43
3448.19
3571.83
3584.84
3606.59
3619.42
3971.22
4027.41
4078.36
4133.68
4138.24
4259.45
4267.39
4274.81
4311.42
4433.18
4493.98
4612.69
4622.2
4733.11
4767.68
4961.14
5065.06
5142.66
5149.18
5158.56
5213.14
5302.51
5315.07
5402.46
5649
5663.59
5701.14
6028.09
6039.32
6131.01
6136.61
6335.24
6348.95
6419.21
6442.38
6455.32
6635.79
6641.34
6642.16
6896.78
6969.37
7034.64
7109.74
7433.77
7471.28
7488.34
7496.27
7535.37
7725.83
7963.26
7986.79
8016.4
8264.91
8414.27
8446.62
8518.58
8655.57
8976.96
9085.24
9150.83
9256.3
9272.64
9334.51
9354.36
9489.2
9544.1
9589.8
9699.97
9768.03
9800.84
9849.23
10382.6
10397
10434.6
10477.8
10528.5
10674.5
10785.2
10840.1
10855.8
11026.3
11072.3
11191.9
11232.7
11316.8
11323.8
11354.9
11432.8
11478.2
11629.9
11659.4
11718.9
11720.2
11743.3
11747.3
11894.4
11942.2
12015.2
12128.2
12158.8
12293.2
12302.9
12471.9
12517.5
12555.7
12556.5
12727.4
12743.5
12792
12847.9
12906.3
12915.4
12923.1
13046.7
13054.3
13064.7
13079.1
13139.8
13152
13191.5
13199.2
13203.5
13238.1
13239
13354
13542.7
13573.1
13588.9
13591.9
13597
13605.5
13606.2
13643.8
13705.8
13727.9
14218.7
14379.8
14430.4
14448.5
14529.1
14552.3
14582.9
14585.5
14612.3
14755
14959.7
15150.2
15291.9
15294.3
15331.2
15336.3
15383.4
15558
15578.4
15579.2
15643.7
15663.6
15977
16080.3
16087.2
16216
16314.2
16322.1
16470.2
16502.5
16533.9
16582.1
16674.9
16695.1
16696.4
16711.5
16746.7
16801.6
16841.8
16845.3
16859.7
16920.6
17106.2
17142.7
17200.2
17245.8
17324.7
17373
17533.4
17664.7
17736.5
17751.4
17834.5
17866.6
17958.2
17978.3
18207.6
18234.1
18451.9
18553.7
18566.3
18658.1
18860.8
19017.4
19032
19097.1
19138.2
19644.1
19697.8
19894.7
19985.8
19989.4
20067.9
20072.5
20118.8
20171.1
20740.3
20786.1
20902.4
21413.1
21464
21593.1
21635.3
21707.4
21812.5
21870.8
21907.7
21919.6
22234.4
22321.9
22326.2
22349.9
22405.4
22433.7
22510.5
22624.8
22737.9
22795
23028
23169
23263
23298.2
23395.1
23611.6
23927.4
24022.2
24030.6
24078.2
24119.2
24171.2
24177.8
24198.8
24206.2
24306.3
24325.8
24395
24728.2
25075.3
25100.3
25329.2
25334.5
25429.3
25430.4
25467.6
25504.5
25536.4
25537.8
25881.6
26204.1
26268.2
26368.3
26368.5
26402.6
26423.3
26478.8
26505.8
26605.1
26655.4
26733.2
26834.7
26845.3
26849.4
26873.7
26931.6
26953.5
27247.7
27264.6
27309.4
27339.5
27389.7
27455
27469.7
27558.3
27561
27700.4
27797.1
27905.8
28063.6
28237.5
28238.8
28386.5
28417.1
28428
28499.2
28521.3
28532.6
28969.5
28971.5
28986.1
28996.3
29025.3
29085.5
29088.8
29259.9
29321.3
29353.4
29402.5
29432.1
29604.5
29645.4
29653.2
29723.3
29748.3
29866
29917.1
29930.2
30225.8
30281.5
30288.8
30499.5
30524.2
30527.7
30583.4
30586
30599
30608.9
30630.9
30636.2
30653.1
30695.7
31010.9
31019
31041.6
31110.8
31180
31347.5
31493.2
31624.4
31634.5
31693.7
31727.2
31916.9
32031.9
32037
32538.9
32549.8
32570.8
32641.3
32797.4
33093.6
33212.2
33233.2
33340
33341.2
33344.1
33398.6
33615.5
33665.3
33869.4
33949.9
34117.9
34227
34261.3
34491.4
34588.6
34664.5
35006.8
35009.4
35016.9
35137.1
35159.6
35218.5
35275.4
35522.9
35555.9
35644
35834.9
35868.3
35894
35908.7
35920
35931
36134.6
36160.4
36353
36443.7
36568
36611.2
36639.5
36666.7
36716.2
36772
36858.4
36874.9
36972.2
36984.4
37017.1
37054.2
37085.5
37423.6
37454
37500.8
37504.1
37549.6
37604.6
37680.4
37692.7
37700.1
37707.4
37890.4
38010.5
38153.3
38209.3
38659
38712.1
38807.8
38877.3
39026.8
39205.5
39349.3
39350.6
39381.7
39547
39627.2
39782.6
40096.6
40117.1
40140.5
40380
40437.2
40510
40618.1
40668.7
40976
41002.5
41194.3
41226.4
41245
41246.9
41394.5
41616.5
41692.1
41793.9
41839.3
42017.8
42071.8
42104.2
42303.4
42320.4
42365.1
42439.1
42514.8
42595.3
42600.6
42673.9
42734.5
43202.3
43213.3
43269.9
43384.2
43384.5
43468.9
43506.8
43595.4
43597.4
43803
43805.4
43979.1
44048.7
44163.9
44170.6
44173.2
44218.6
44229.7
44257.2
44279.6
44344.5
44372
44496.4
44547.2
44612.5
44683.4
44750.4
44985.4
44993.7
45150
45335.6
45354.2
45466.6
45497
45754.2
45808.2
46000.4
46320.9
46358.7
46443.9
46504.8
46509
46552.5
46643.8
46761
46832.5
46856.8
46945.2
47028.9
47255.7
47339.8
47377.1
47714.5
47718
47799.4
47933.7
48080
48135.4
48203.9
48394.7
48404.2
48444.5
48502.4
48580.1
48669.7
48680.4
48704.1
48799.3
49079.2
49262.7
49531.9
49545.8
49787.2
49877.1
50008.8
50022.6
50030
50070.6
50081.8
50203.5
50257
50572.5
50799
50992.7
51018.9
51079.5
51298.1
51368.6
51370.6
51399.7
51506.9
51507.9
51534.2
51539.2
51560.7
51594.1
51650.6
51658
51668.6
51693.1
51717.1
51826.4
52119.4
52501.9
52510.3
52730.9
53022
53044.4
53155.6
53231.5
53254.3
53254.3
53349.4
53359.5
53412.4
53538.5
53547.1
53637.9
53668.3
53825.6
53853.1
54054.5
54079.9
54129.1
54160.8
54168.1
54393.7
54428.2
54513.4
54532.6
54603.2
54627.9
54769.5
55847.7
56190.4
56288.7
56443.2
56521
56599.8
56739.2
56824.2
56839.6
56925
56968.5
57083
57119.5
57281.5
57361.4
57418.2
57445.6
57544.4
57558.6
57612.7
57718.1
58085.2
58116.9
58296.7
58353.3
58409
58429
58438.3
58554.6
58641.5
58751.7
58837.4
58879.3
58885.4
58931.6
58949.1
58949.6
58958.3
59122.9
59125.5
59169.8
59200.3
59417.8
59462.3
59580.9
59622.1
59624.9
59627.4
60062.5
60083.8
60092.4
60165.2
60167.5
60172.9
60249.4
60323.1
60759
60765.1
60792.4
60845
60952.2
61103.8
61241.2
61301.3
61418.3
61542.8
61662.9
61743.1
61777.2
61789
61797.1
61965
62123.9
62129
62295.7
62336.3
62398.5
62697.7
62722.5
62796.4
62841
62845.5
62966.1
63068.7
63103.2
63219.5
63280.8
63281.2
63291.5
63314.2
63329.9
63369.1
63381.8
63852
63855.4
63901.3
64077.5
64090
64204.7
64222.5
64274.7
64448.2
64937.1
65080.8
65125.3
65258.1
65289.4
65315.6
65363
65463
65503.1
65561.9
66003.3
66068.8
66133.3
66223.7
66279.8
66631.2
66854.1
66945.4
66974.4
67087.5
67216.6
67250.7
67345.6
67353.7
67516.7
67623.8
68163.3
68183
68195.8
68439.5
68558.8
68603.5
68649
68756.5
68908.3
69049.2
69093.2
69216.6
69217.6
69293.7
69358.5
69470.9
69471.7
69538
70157.9
70436.5
70507.4
70543
70627.3
70655
70700.2
70847.8
70892.4
70921.6
71027.5
71038.6
71063.3
71089.7
71119.4
71326.3
71537
71714.3
71781
71823.2
71835.4
72163.1
72258
72265
72350.4
72395.5
72416.5
72450.8
72459.1
72492
72498.9
72508.8
72529.5
72827.3
72850.3
72857.1
72860.5
72877.9
72968
73250.8
73348.2
73665
73719.1
73769.5
73908.3
73924.7
74064.4
74085
74112.8
74147.8
74172.9
74191.7
74328.3
74366
74461.3
74758.3
74767.9
74773.8
74898.8
74927.6
74999.9
75012.8
75109.1
75131
75204.3
75400.7
75477.6
75497.4
75609
75629.8
75703.8
75748.1
75749.5
75820.4
75861.1
75872.7
75947
76076.5
76119.9
76120.8
76186.4
76241
76388.9
76479.2
76499.8
76539.6
76571.7
76610.7
76641.4
76642.2
76699.1
76854.9
76885.2
76904.9
77045.7
77259.9
77286.8
77341.4
77401.6
77429.3
77587.2
77631.5
77744.8
77777.1
77845.7
78417.6
78539.3
78624
78765.2
78803.2
79030
79140.2
79165
79195.9
79231.7
79356.3
79398
79473.2
79481.2
79668.2
79706
79749.5
80059.9
80066.9
80503
80532.2
80779.8
80859.4
80866.4
80868.1
80939.7
80956.8
81150.9
81159.4
81183.2
81304.4
81345
81406.3
81442.2
81512.1
81530.4
81573.8
81593
81881.4
81938.8
82082.9
82107.7
82114.6
82118.4
82265.2
82354.6
82387.1
82395
82523.1
82599.6
82695.4
82701.3
82851.1
82947.8
83022.9
83105.7
83119.6
83181.1
83280.9
83825.2
84085.9
84120.9
84129.4
84139.8
84167.9
84317
84339.4
84370.4
84474.6
84533.9
84584.5
84645.1
84677.9
85048.7
85133.4
85319.9
85352.5
85352.6
85366.9
85570.9
85830.9
85906.7
85936.8
85978.9
85991.4
85997.9
86026.5
86058.2
86081.1
86366.5
86503.3
86620.5
86650.3
86771.1
86775
86829.2
86897.9
87056.1
87202
87281.4
87314.9
87648.6
87709.3
87760.8
87860.8
87956.8
88094.6
88125.1
88125.7
88231.2
88270.7
88307.4
88341.2
88365
88641.4
88703.4
88965.7
89077.9
89085.6
89242.1
89315.1
89329.1
89342.4
89386.5
89396.9
89561.7
89614
89877.7
89913.1
89937.2
89989.8
90276
90286.4
90359.3
90421.1
90535.4
90610.9
90992.5
91092.9
91111.1
91143.1
91414.4
91426.5
91462.7
91502.5
91592.5
91598.6
91607.3
91665.6
91731.9
91763.8
91790.5
91808.9
91912.4
92020.2
92036.3
92199.9
92256.4
92274.8
92298.9
92331.3
92432.3
92456.7
92602.1
92650.5
92701.2
92995.2
93237.5
93303.6
93309.3
93371.4
93479.5
93482.2
93492.3
93535.3
93605
93633.1
93666.4
93757.1
93843.9
93912.2
94055.6
94332.8
94558.9
94585.1
94667.6
94681.7
95166.6
95195.4
95215.7
95375.9
95397.2
95433.8
95627.4
95630.6
95681.1
95764.8
95854
95935.7
95938.8
95970.2
95977.4
96049.9
96078.6
96153.1
96173.5
96272.1
96318.9
96378.4
96614.1
96766
97119.7
97153.9
97256.6
97404.8
97572.3
97738.2
97852.2
97899.9
97933
97988.6
97994.8
98036.8
98152.2
98426.9
98431.5
98567.5
98735.3
98778.3
98849.3
99301.1
99302.7
99392
99426.2
99482.9
99522.5
99556.4
99581
99665.7
99823.8
99835
99890.8
