0 1.02181
500 0.997423
1000 0.994552
1500 1.00884
2000 1.0186
2500 0.987857
3000 0.994057
3500 1.00244
4000 1.00227
4500 0.981291
5000 1.00507
5500 0.991372
6000 0.969769
6500 1.0083
7000 0.993208
7500 0.998177
8000 0.956289
8500 1.01106
9000 1.00318
9500 0.987952
10000 1.01052
10500 1.02387
11000 0.981217
11500 1.0063
12000 0.984903
12500 1.02982
13000 0.98932
13500 1.02534
14000 1.01771
14500 1.00388
15000 1.01188
15500 1.01302
16000 1.02178
16500 0.985897
17000 1.00253
17500 1.01669
18000 1.00827
18500 0.967453
19000 1.02614
19500 0.961924
20000 1.0027
20500 0.995082
21000 1.02316
21500 0.953946
22000 0.998723
22500 1.01915
23000 1.0003
23500 0.995919
24000 1.0082
24500 1.00557
25000 1.00073
25500 0.990589
26000 0.987541
26500 0.991117
27000 0.973579
27500 1.04097
28000 0.982552
28500 0.993916
29000 0.997924
29500 1.00182
30000 1.00325
30500 1.00862
31000 1.00624
31500 1.01771
32000 0.996113
32500 1.02601
33000 0.990103
33500 1.00153
34000 0.980896
34500 1.00895
35000 1.02447
35500 0.980503
36000 0.969118
36500 0.991659
37000 0.997266
37500 0.986792
38000 1.00543
38500 0.985429
39000 1.0038
39500 0.960067
40000 1.02485
40500 0.980254
41000 1.00141
41500 1.00547
42000 1.00082
42500 0.968032
43000 0.977856
43500 1.00002
44000 1.0007
44500 0.990182
45000 1.02159
45500 1.04654
46000 1.00576
46500 1.01467
47000 1.00268
47500 1.04247
48000 0.992741
48500 0.994355
49000 1.01711
49500 1.01683
50000 0.981125
50500 0.998454
51000 0.980025
51500 0.976921
52000 0.976774
52500 1.01786
53000 0.943186
53500 0.979059
54000 0.980547
54500 0.977037
55000 0.996748
55500 1.00429
56000 1.01573
56500 0.97472
57000 0.980625
57500 1.00895
58000 1.02151
58500 0.988251
59000 1.05722
59500 1.00156
60000 1.02626
60500 0.983219
61000 1.02405
61500 0.971108
62000 1.00889
62500 1.04193
63000 1.01887
63500 0.956667
64000 1.01796
64500 1.01389
65000 1.01037
65500 0.995625
66000 0.988992
66500 0.992719
67000 0.955233
67500 0.996924
68000 1.012
68500 0.985181
69000 0.982484
69500 1.03617
70000 1.0135
70500 0.980483
71000 0.977391
71500 1.04468
72000 0.978989
72500 0.972391
73000 1.01549
73500 1.00315
74000 0.96577
74500 1.01826
75000 1.01621
75500 1.0243
76000 1.0072
76500 1.00521
77000 0.998052
77500 0.934695
78000 1.04646
78500 1.05087
79000 1.00761
79500 0.98555
80000 1.04777
80500 1.00086
81000 0.983996
81500 0.956591
82000 1.01464
82500 0.997759
83000 1.00921
83500 0.976847
84000 0.975181
84500 1.01301
85000 0.98231
85500 0.957484
86000 1.01972
86500 0.978006
87000 1.03888
87500 0.990544
88000 0.984069
88500 1.04774
89000 0.993638
89500 1.00778
90000 0.978775
90500 1.01786
91000 1.06813
91500 1.0068
92000 0.925788
92500 1.02814
93000 0.969394
93500 0.988129
94000 0.999557
94500 1.01623
95000 1.05339
95500 0.98487
96000 0.854167
96500 1.08527
97000 1.05667
97500 0.931713
98000 0.956522
98500 1.09688
99000 1.13636
99500 1
