0 1.02181
500 1.00273
1000 0.995439
1500 1.00523
2000 1.01586
2500 0.983395
3000 0.98865
3500 0.993339
4000 0.994943
4500 0.973151
5000 0.99762
5500 0.980306
6000 0.95802
6500 0.994114
7000 0.981015
7500 0.983985
8000 0.947146
8500 1.00716
9000 1.00221
9500 0.983143
10000 1.0036
10500 1.01884
11000 0.979272
11500 0.9983
12000 0.977008
12500 1.02049
13000 0.974315
13500 1.00446
14000 0.990657
14500 0.980106
15000 0.986711
15500 0.985613
16000 0.997096
16500 0.95687
17000 0.964374
17500 0.97775
18000 0.969322
18500 0.932975
19000 0.992646
19500 0.934471
20000 0.970711
20500 0.962133
21000 0.995786
21500 0.930444
22000 0.967373
22500 0.985829
23000 0.969642
23500 0.969651
24000 0.988362
24500 0.983222
25000 0.985393
25500 0.974119
26000 0.976871
26500 0.97795
27000 0.951184
27500 1.01806
28000 0.966743
28500 0.975349
29000 0.979142
29500 0.982776
30000 0.976478
30500 0.977821
31000 0.972615
31500 0.980849
32000 0.958548
32500 0.987219
33000 0.952422
33500 0.959253
34000 0.940514
34500 0.964614
35000 0.985916
35500 0.935634
36000 0.920465
36500 0.94032
37000 0.944923
37500 0.935941
38000 0.947619
38500 0.933785
39000 0.950889
39500 0.909102
40000 0.977248
40500 0.93303
41000 0.955689
41500 0.96489
42000 0.96454
42500 0.92831
43000 0.938862
43500 0.961257
44000 0.957056
44500 0.931481
45000 0.951468
45500 0.974138
46000 0.943401
46500 0.954409
47000 0.943888
47500 0.979345
48000 0.927643
48500 0.937819
49000 0.958695
49500 0.959864
50000 0.930551
50500 0.941449
51000 0.922176
51500 0.918649
52000 0.9075
52500 0.950606
53000 0.882117
53500 0.912955
54000 0.910251
54500 0.897721
55000 0.915078
55500 0.93242
56000 0.961036
56500 0.927312
57000 0.930436
57500 0.954788
58000 0.972083
58500 0.934017
59000 0.98978
59500 0.93299
60000 0.957416
60500 0.90647
61000 0.943258
61500 0.893837
62000 0.919361
62500 0.956829
63000 0.932448
63500 0.873668
64000 0.931173
64500 0.932778
65000 0.942687
65500 0.916645
66000 0.914577
66500 0.914858
67000 0.886151
67500 0.923917
68000 0.937514
68500 0.914268
69000 0.915614
69500 0.969324
70000 0.955665
70500 0.93963
71000 0.935741
71500 0.99939
72000 0.941447
72500 0.919986
73000 0.956485
73500 0.968345
74000 0.937732
74500 0.971678
75000 0.972025
75500 0.958988
76000 0.947541
76500 0.924087
77000 0.901811
77500 0.836484
78000 0.937942
78500 0.96296
79000 0.91496
79500 0.870951
80000 0.928142
80500 0.896357
81000 0.863507
81500 0.825606
82000 0.861168
82500 0.841588
83000 0.847018
83500 0.847218
84000 0.86577
84500 0.88066
85000 0.860157
85500 0.839085
86000 0.874049
86500 0.864285
87000 0.941484
87500 0.931111
88000 0.929398
88500 0.986105
89000 0.97799
89500 0.966474
90000 0.920712
90500 0.972417
91000 1.05796
91500 0.96732
92000 0.83132
92500 0.864079
93000 0.826188
93500 0.809551
94000 0.823959
94500 0.844475
95000 0.919627
95500 0.832045
96000 0.711806
96500 0.832883
97000 0.885318
97500 0.786133
98000 0.831758
98500 0.8775
99000 1.23967
99500 7
